-0.000151
0.000592
0.000002
-0.000312
0.000198
0.000203
-0.000141
-0.000172
0.000657
0.000411
-0.000191
0.000633
0.000686
0.000426
0.000622
0.000872
0.000265
0.000367
0.000695
0.000551
0.000259
0.000398
-0.000022
-0.000247
0.000099
0.001819
0.005698
0.008512
0.012357
0.016402
0.021469
0.027138
0.041404
0.037326
0.039229
0.037925
0.043252
0.030798
0.024962
0.021750
0.011968
0.003006
-0.003239
-0.009706
-0.016329
-0.023930
-0.040895
-0.051600
-0.062038
-0.057401
-0.074824
-0.070438
-0.066238
-0.058110
-0.038074
-0.038356
-0.028406
-0.015138
-0.007658
-0.001838
0.001532
0.006889
0.010883
0.010085
0.011391
0.011992
0.011724
0.011566
0.013919
0.012914
0.010321
0.010147
0.008633
0.008576
0.010569
0.009269
0.009065
0.007091
0.006055
0.005674
0.005597
0.005191
0.004732
0.005553
0.004031
0.003754
0.003304
0.003529
0.004169
0.003307
0.003027
0.003088
0.001853
0.001986
0.002321
0.001719
0.001963
0.001649
0.000656
0.000791
0.001327
0.001621
0.001422
0.001483
0.000936
0.000309
0.000502
0.000554
0.000519
0.000578
0.000564
0.000080
-0.000107
0.000181
0.000293
0.000182
0.000337
0.000196
-0.000124
0.000062
0.000370
0.000549
0.000476
0.000600
0.000480
0.000311
0.000552
0.000702
0.001103
0.004192
0.008965
0.010618
0.014115
0.018969
0.024255
0.030090
0.036731
0.054695
0.050339
0.071397
0.063590
0.067578
0.085401
0.084650
0.081229
0.074738
0.069537
0.051851
0.059590
0.044909
0.041003
0.038022
0.036712
0.033705
0.030129
0.035851
0.032828
0.029603
0.022320
0.020420
0.018381
0.021653
0.019293
0.017152
0.015859
0.010807
0.010094
0.009968
0.011081
0.009765
0.009082
0.006340
0.005337
0.005156
0.005183
0.005835
0.005180
0.004826
0.003875
0.002570
0.002998
0.003067
0.003630
0.003131
0.002686
0.001982
0.001531
0.001649
0.001581
0.000938
0.000729
0.000047
-0.000675
-0.000412
-0.000224
-0.000624
-0.000697
-0.000883
-0.001106
-0.001049
-0.000510
-0.000202
-0.000043
-0.000076
0.000081
-0.000151
-0.000007
0.000296
0.000364
0.000371
0.000754
0.000916
0.000426
0.001024
0.001655
0.002232
0.002303
0.002502
0.001672
0.001675
0.002001
0.002530
0.002494
0.002432
0.001845
0.000960
0.001169
0.001134
0.000452
0.001716
0.002274
0.002662
0.001975
0.002915
0.003589
0.005399
0.006854
0.006542
0.007320
0.008104
0.008916
0.009854
0.009858
0.009938
0.010227
0.009577
0.008758
0.007928
0.008350
0.006179
0.004396
0.001868
-0.000005
-0.001301
-0.002202
-0.004243
-0.005669
-0.007066
-0.008842
-0.008464
-0.009275
-0.009482
-0.010114
-0.013300
-0.014395
-0.015930
-0.013684
-0.014450
-0.014567
-0.018365
-0.018320
-0.017779
-0.016727
-0.012406
-0.011083
-0.009540
-0.009756
-0.007438
-0.004862
-0.002354
-0.000818
0.000394
0.001882
0.004326
0.005666
0.005744
0.006388
0.005743
0.005838
0.006210
0.007155
0.006667
0.005315
0.004638
0.004010
0.004084
0.003865
0.004401
0.004092
0.003876
0.003098
0.002389
0.002457
0.002647
0.002401
0.001922
0.001386
0.000985
0.001246
0.001303
0.001400
0.001254
0.000998
0.000271
0.000078
0.000673
0.000698
0.000954
0.001270
0.000485
-0.000103
0.000038
0.000704
0.000618
0.002767
0.005625
0.008709
0.011646
0.015416
0.020764
0.026341
0.032503
0.038964
0.057266
0.065978
0.072344
0.064782
0.085427
0.083454
0.081658
0.075839
0.070073
0.065873
0.059682
0.055692
0.051050
0.037501
0.035680
0.033507
0.030450
0.029057
0.033725
0.030065
0.022458
0.025833
0.018555
0.017804
0.020320
0.018331
0.013921
0.012570
0.011197
0.010629
0.010123
0.011466
0.010370
0.007742
0.008133
0.005545
0.005484
0.006522
0.004459
0.005569
0.004242
0.003202
0.002744
0.002881
0.003395
0.003093
0.003044
0.002102
0.001379
0.001272
0.001440
0.001647
0.001460
0.001522
0.001306
0.000857
0.000976
0.001084
0.001164
0.001035
0.001133
0.000688
0.000101
0.000487
0.000513
0.000139
0.000294
0.000502
-0.000346
-0.000642
-0.000295
-0.000140
-0.000228
0.000106
0.000082
-0.000518
-0.000525
-0.000206
-0.000112
0.000163
0.000226
0.000376
-0.000029
-0.000024
0.000203
0.000182
0.000067
0.000398
0.000258
-0.000310
-0.000316
-0.000045
0.000076
0.000038
0.000495
0.000157
-0.000258
0.000039
-0.000002
-0.000127
0.000241
0.000141
-0.000272
0.000047
0.000123
0.000243
0.000174
0.000166
0.000215
-0.000077
0.000127
0.000203
0.000078
-0.000087
-0.000106
-0.000369
-0.000362
-0.000188
-0.000275
-0.000440
-0.000371
-0.000275
-0.000604
-0.000407
-0.000129
0.000013
0.000097
0.000380
0.000119
-0.000039
0.000213
0.000416
0.000700
0.000495
-0.000353
-0.000308
-0.000319
-0.000294
-0.000226
-0.000256
0.000061
0.000414
-0.000335
-0.000560
-0.000201
-0.000419
-0.000136
0.000419
0.000005
-0.000545
-0.000319
-0.000042
0.000048
0.000460
0.000498
-0.000008
-0.000173
0.000170
0.000303
0.000488
0.000806
0.000711
0.000475
0.000078
0.000187
0.000332
0.000099
0.000604
0.000516
-0.000097
-0.000585
-0.000289
-0.000220
-0.000372
0.000172
-0.000091
-0.000637
-0.000611
-0.000283
-0.000255
0.000024
0.000585
0.000435
0.000138
0.000426
0.000841
0.000817
0.000966
0.000677
0.000311
0.000040
0.000231
0.000138
-0.000186
-0.000015
-0.000289
-0.000737
-0.000686
-0.000556
-0.000753
-0.000446
-0.000398
-0.000869
-0.000815
-0.000626
-0.000562
-0.000832
-0.000497
-0.000597
-0.000910
-0.001034
-0.000565
-0.000689
-0.000475
-0.000079
-0.000459
-0.000381
-0.000045
0.000125
0.000108
0.000232
0.000509
0.000548
0.000093
0.000310
0.000407
0.000344
0.000851
0.001004
0.000394
0.000379
0.000650
0.000548
0.000449
0.001020
0.000949
0.000122
0.000130
0.000466
0.000422
0.000596
0.001135
0.000900
0.000356
0.000350
0.000627
0.000663
0.000551
0.001151
0.000632
-0.000103
0.000163
0.000223
-0.000066
-0.000128
0.000220
-0.000273
-0.000771
-0.000554
-0.000423
-0.000763
-0.000423
0.000354
-0.000172
-0.000542
-0.000226
-0.000141
-0.000166
0.000529
0.000359
-0.000336
-0.000300
-0.000008
-0.000122
-0.000420
-0.000154
0.000131
-0.000328
-0.000325
-0.000097
-0.000148
-0.000306
0.000393
0.000022
-0.000529
-0.000177
-0.000107
-0.000303
-0.000176
0.000175
-0.000110
0.000074
0.000441
0.000761
0.000377
0.000803
0.001049
0.000156
0.000142
0.001031
0.000414
0.000294
0.001036
0.000179
-0.000604
0.000059
0.000155
-0.000027
-0.000008
0.000396
0.000217
-0.000243
-0.000020
0.000047
-0.000164
-0.000248
0.000252
-0.000087
-0.000503
-0.000101
-0.000047
-0.000215
-0.000075
0.000480
0.000149
-0.000109
0.000069
-0.000058
-0.000315
-0.000031
0.000492
0.000138
0.000070
0.000518
0.000555
0.000523
0.000642
0.000703
0.000229
0.000253
0.000258
-0.000008
-0.000013
0.000538
0.002192
0.004630
0.007797
0.011273
0.015670
0.021407
0.027489
0.033242
0.038749
0.056585
0.051945
0.074195
0.086187
0.096462
0.106266
0.115766
0.124035
0.104386
0.108408
0.140349
0.142876
0.112933
0.108335
0.126254
0.115108
0.104244
0.093346
0.083735
0.078119
0.072134
0.052988
0.050381
0.047734
0.044455
0.041408
0.039101
0.036320
0.032500
0.028710
0.024037
0.017667
0.011175
0.005095
-0.002061
-0.009969
-0.017626
-0.024596
-0.032383
-0.039813
-0.046514
-0.049960
-0.061267
-0.057666
-0.041897
-0.035533
-0.028904
-0.028389
-0.017753
-0.006461
0.000223
0.007442
0.014578
0.020334
0.034514
0.033039
0.035904
0.046961
0.048109
0.047196
0.043458
0.040588
0.030898
0.028929
0.027536
0.032342
0.029810
0.027744
0.025345
0.028044
0.025287
0.018407
0.017587
0.016699
0.010117
0.009141
0.008693
0.007908
0.007571
0.007727
0.006857
0.006095
0.005885
0.005307
0.006218
0.004379
0.003951
0.004086
0.003984
0.003035
0.003162
0.003163
0.003193
0.002841
0.002715
0.002173
0.001368
0.001662
0.001773
0.001756
0.001751
0.001868
0.001236
0.000871
0.001096
0.001361
0.000895
0.001024
0.001363
0.000463
0.000712
0.000845
0.000606
0.000176
0.000379
0.001062
0.000162
0.000286
0.000406
-0.000149
-0.000419
0.000015
-0.000341
-0.000713
-0.000483
-0.000423
-0.000471
0.000151
0.000392
-0.000181
0.000028
0.000047
-0.000001
0.000741
0.000479
-0.000313
-0.000274
-0.000047
0.000120
-0.000137
-0.000298
0.000562
0.000585
-0.000188
0.000261
0.000660
0.000246
-0.000066
0.000175
0.000062
0.000477
0.000180
-0.000111
-0.000177
-0.000032
0.000188
-0.000168
-0.000021
0.000163
0.000162
-0.000167
0.000084
0.000333
-0.000125
-0.000204
-0.000559
-0.000547
-0.000481
-0.000275
-0.000415
-0.000611
-0.000161
0.000269
-0.000029
-0.000330
0.000190
0.000023
-0.000287
-0.000056
-0.000026
0.000167
0.000236
-0.000110
-0.000808
-0.000722
0.000397
0.000781
0.000788
0.000590
0.000211
-0.000070
0.000039
0.000054
0.000063
0.000078
0.000433
0.000294
0.000210
0.000469
0.000150
-0.000515
-0.000416
0.000019
0.000260
0.000566
0.000742
0.001068
0.000742
0.000181
0.000341
0.000013
0.000245
0.000138
0.000001
0.000317
0.000109
-0.000387
-0.001351
-0.001726
0.001714
0.001541
-0.000441
0.000136
0.001195
-0.000026
0.000002
-0.000054
-0.000930
-0.000660
0.000388
-0.000653
-0.000834
0.000532
-0.000204
-0.000600
0.000495
0.000185
-0.000665
0.000376
0.000807
-0.000154
0.000050
0.000490
-0.000507
-0.000685
-0.000079
-0.000093
-0.000091
0.000210
-0.000209
-0.000339
-0.000245
-0.000177
-0.001206
-0.001220
0.000840
0.001096
-0.000703
-0.000510
0.000733
0.000527
0.000303
0.000627
-0.000177
-0.000420
-0.000289
-0.000159
0.000027
0.000127
-0.000083
0.000128
0.000164
0.000406
0.000478
0.000048
0.000059
0.000139
-0.000275
0.000019
0.000188
0.000040
-0.000126
0.000077
-0.000298
-0.000079
0.000519
0.000515
0.000296
-0.000857
-0.000338
0.000818
0.000142
0.000526
0.000801
0.000030
-0.000029
-0.000287
-0.000848
-0.000240
0.000329
0.000382
0.000319
0.000336
-0.000377
-0.000419
0.000104
0.000629
0.000642
0.000131
0.000443
0.000140
-0.000452
-0.000015
-0.000126
-0.000636
-0.000258
0.000731
-0.000156
0.000022
0.000250
0.000468
-0.000070
0.000103
-0.000194
-0.000138
0.000190
0.000160
0.000025
0.000246
-0.000239
-0.000479
-0.000824
-0.000926
0.000572
0.000943
-0.000140
0.000190
0.000456
0.000400
0.000714
0.001076
0.000245
-0.000103
-0.001515
-0.008012
-0.010263
-0.018171
-0.025701
-0.034588
-0.044012
-0.042806
-0.048590
-0.055092
-0.079049
-0.090903
-0.102100
-0.112294
-0.121050
-0.128570
-0.135024
-0.140569
-0.145331
-0.119235
-0.152270
-0.155380
-0.126241
-0.127751
-0.129087
-0.254735
-0.170269
-0.102360
-0.137321
-0.128086
-0.165299
-0.104260
-0.067788
-0.055151
-0.051061
-0.037803
-0.034955
-0.034415
-0.034494
-0.033452
-0.033071
-0.031588
-0.027540
-0.022428
-0.017373
-0.011089
-0.004726
0.002303
0.010341
0.018556
0.026342
0.033897
0.042407
0.050517
0.057828
0.065930
0.074331
0.081799
0.088411
0.094262
0.099443
0.103881
0.107909
0.111413
0.138500
0.132207
0.102192
0.119280
0.150576
0.124844
0.106528
0.080654
0.058141
0.052008
0.035299
0.032474
0.031561
0.029017
0.025928
0.025855
0.025354
0.023708
0.022216
0.021456
0.019934
0.018331
0.017265
0.016055
0.014988
0.012976
0.010757
0.007840
0.004017
-0.000062
-0.004403
-0.008733
-0.012960
-0.016395
-0.020233
-0.023929
-0.027458
-0.030861
-0.035020
-0.039481
-0.042788
-0.045542
-0.048438
-0.050971
-0.053010
-0.055699
-0.058100
-0.060409
-0.062956
-0.065363
-0.067203
-0.069260
-0.071365
-0.072996
-0.073997
-0.093747
-0.076021
-0.076921
-0.077885
-0.078528
-0.078168
-0.098277
-0.080231
-0.078902
-0.076010
-0.074132
-0.071225
-0.067057
-0.063167
-0.073156
-0.053021
-0.048895
-0.046000
-0.042613
-0.039729
-0.037197
-0.034245
-0.041164
-0.041394
-0.033562
-0.022259
-0.027085
-0.019181
-0.016299
-0.015770
-0.014327
-0.013415
-0.013922
-0.012773
-0.009364
-0.006508
-0.002572
0.003557
0.008304
0.013600
0.020284
0.034739
0.034521
0.040621
0.046975
0.066491
0.074437
0.079278
0.064186
0.062612
0.075484
0.071771
0.065658
0.060568
0.045851
0.042634
0.039169
0.037456
0.035218
0.032581
0.030809
0.029602
0.027579
0.027371
0.028147
0.029432
0.031343
0.034005
0.037655
0.053203
0.048454
0.053540
0.074329
0.065598
0.088605
0.093656
0.075805
0.093337
0.089989
0.102471
0.084681
0.079357
0.068834
0.066701
0.058917
0.049059
0.042258
0.029800
0.032344
0.022720
0.019938
0.017838
0.015525
0.012261
0.009057
0.006291
0.003338
-0.000560
-0.003206
-0.006077
-0.009340
-0.012652
-0.015558
-0.017998
-0.020830
-0.023387
-0.025250
-0.027360
-0.029757
-0.031780
-0.042174
-0.044822
-0.037609
-0.039605
-0.041348
-0.042327
-0.042884
-0.043748
-0.044936
-0.046105
-0.059148
-0.048214
-0.048957
-0.049768
-0.063889
-0.051654
-0.051514
-0.065296
-0.052847
-0.053580
-0.068355
-0.055188
-0.054981
-0.055927
-0.056810
-0.056954
-0.056952
-0.056923
-0.071768
-0.071450
-0.057683
-0.071834
-0.057065
-0.070494
-0.055425
-0.052981
-0.051652
-0.049277
-0.057788
-0.057885
-0.047848
-0.035506
-0.034239
-0.033233
-0.031061
-0.025812
-0.030987
-0.022778
-0.022396
-0.020759
-0.016946
-0.013768
-0.009437
-0.004070
0.000948
0.006359
0.013446
0.020509
0.027319
0.033746
0.040426
0.047633
0.055209
0.063043
0.070885
0.078227
0.107498
0.116931
0.099434
0.104020
0.135678
0.140983
0.114163
0.110891
0.129556
0.118674
0.149304
0.121907
0.112334
0.091752
0.070514
0.052198
0.056298
0.050156
0.037122
0.032608
0.028812
0.026622
0.024651
0.023652
0.023436
0.022209
0.019891
0.019599
0.018832
0.017561
0.016998
0.016049
0.014640
0.013094
0.012156
0.011328
0.010733
0.009901
0.009277
0.009004
0.008330
0.007122
0.006710
0.006305
0.005706
0.005201
0.005091
0.004878
0.003987
0.003771
0.003569
0.003226
0.002731
0.002637
0.002709
0.001745
0.001655
0.001987
0.001713
0.000956
-0.001651
-0.004531
-0.008362
-0.012765
-0.017105
-0.022498
-0.029830
-0.036609
-0.042453
-0.048262
-0.069840
-0.063510
-0.088818
-0.100256
-0.110707
-0.119685
-0.127393
-0.106727
-0.138632
-0.114349
-0.141462
-0.108691
-0.128507
-0.117196
-0.106788
-0.097610
-0.088019
-0.065412
-0.062257
-0.058100
-0.053719
-0.050392
-0.057690
-0.042345
-0.039640
-0.036705
-0.033662
-0.031324
-0.028540
-0.026334
-0.024483
-0.028092
-0.020302
-0.018721
-0.017780
-0.016199
-0.014789
-0.013709
-0.015806
-0.011409
-0.010269
-0.009922
-0.009234
-0.008305
-0.007764
-0.009088
-0.008137
-0.005557
-0.005668
-0.005222
-0.005233
-0.005851
-0.005369
-0.002502
-0.003093
-0.003419
-0.002125
-0.001566
-0.001598
-0.001487
-0.002225
-0.001140
-0.000004
0.001570
0.004902
0.008308
0.016025
0.018860
0.025033
0.031341
0.047490
0.056430
0.051924
0.058518
0.082372
0.092066
0.081442
0.111045
0.119974
0.127648
0.106909
0.138681
0.142801
0.114395
0.111501
0.131602
0.120470
0.134396
0.149334
0.090727
0.076966
0.056450
0.061492
0.043498
0.042345
0.038981
0.034933
0.032233
0.030627
0.027702
0.026928
0.026320
0.023939
0.022346
0.021619
0.019728
0.017918
0.017170
0.016244
0.014867
0.013942
0.013647
0.012237
0.010931
0.010601
0.009884
0.008879
0.008226
0.007999
0.006923
0.005958
0.005753
0.005462
0.004859
0.004691
0.004685
0.003891
0.003027
0.003352
0.003261
0.003390
0.002650
0.002613
0.001828
0.001443
0.001341
0.000805
-0.000801
-0.003991
-0.008046
-0.011997
-0.016493
-0.022082
-0.027759
-0.033332
-0.039560
-0.045920
-0.051901
-0.073774
-0.085399
-0.096777
-0.085207
-0.115170
-0.123520
-0.130689
-0.109025
-0.141121
-0.143936
-0.113327
-0.109091
-0.125890
-0.114703
-0.104249
-0.094312
-0.085796
-0.078425
-0.058580
-0.055488
-0.051283
-0.048244
-0.045002
-0.041883
-0.038846
-0.036310
-0.033685
-0.031235
-0.028730
-0.026485
-0.024518
-0.028070
-0.020373
-0.018238
-0.017147
-0.015984
-0.014552
-0.016568
-0.015158
-0.010725
-0.009422
-0.009178
-0.008497
-0.007656
-0.008915
-0.008063
-0.005316
-0.004912
-0.005330
-0.004945
-0.007309
-0.006754
-0.002719
-0.001982
-0.002532
-0.001917
-0.001335
-0.001172
-0.000989
-0.001260
-0.000604
0.000464
0.001664
0.004809
0.008628
0.015743
0.017547
0.023333
0.030008
0.045631
0.054274
0.049800
0.056059
0.078895
0.089264
0.100027
0.110306
0.119343
0.127100
0.106527
0.138411
0.142628
0.114043
0.110749
0.129506
0.118304
0.169366
0.136930
0.094233
0.067630
0.064600
0.057274
0.041941
0.038929
0.035366
0.032025
0.029570
0.026839
0.025487
0.025076
0.023507
0.021659
0.020849
0.019843
0.017809
0.017208
0.016279
0.014635
0.013699
0.013182
0.011608
0.010712
0.010294
0.009389
0.008521
0.008135
0.007723
0.006592
0.006125
0.005783
0.005236
0.004748
0.004847
0.004811
0.003670
0.003690
0.003906
0.003329
0.002880
0.003098
0.003220
0.002098
0.002174
0.002115
0.001141
-0.000490
-0.003138
-0.007530
-0.011951
-0.016091
-0.021529
-0.027910
-0.034529
-0.052512
-0.048975
-0.054763
-0.079116
-0.072739
-0.080208
-0.109673
-0.118796
-0.126630
-0.133357
-0.139138
-0.114906
-0.144793
-0.137700
-0.128392
-0.117691
-0.107098
-0.097651
-0.071621
-0.082576
-0.061184
-0.057535
-0.054215
-0.050403
-0.046568
-0.043141
-0.040211
-0.037255
-0.034450
-0.032121
-0.029873
-0.027426
-0.025297
-0.029186
-0.026456
-0.019253
-0.017741
-0.016711
-0.015323
-0.014060
-0.016122
-0.014763
-0.010407
-0.009287
-0.009165
-0.008285
-0.007383
-0.008539
-0.007783
-0.005198
-0.004900
-0.004982
-0.005425
-0.005166
-0.004053
-0.002661
-0.002710
-0.001851
-0.001050
-0.001447
-0.001168
-0.001257
-0.001474
-0.000180
0.001821
0.003512
0.006912
0.010529
0.018647
0.020503
0.026708
0.033252
0.049948
0.059654
0.055292
0.061901
0.083416
0.086979
0.069441
0.082826
0.076692
0.071376
0.065543
0.059124
0.054686
0.050445
0.036305
0.034366
0.032437
0.036916
0.034046
0.025501
0.022699
0.021192
0.019923
0.022701
0.020449
0.015542
0.014357
0.012671
0.012384
0.012791
0.017896
0.017319
0.020496
0.024038
0.028903
0.044222
0.041311
0.047138
0.067144
0.074902
0.082679
0.070032
0.070966
0.087768
0.085960
0.081565
0.113274
0.083599
0.065781
0.060298
0.050415
0.043822
0.031017
0.027559
0.024860
0.021965
0.020235
0.019638
0.017941
0.016416
0.016441
0.016171
0.013800
0.019745
0.016816
0.017014
0.011542
0.010952
0.008471
0.006808
0.006389
0.005323
0.004702
0.004691
0.004926
0.003735
0.003453
0.003742
0.003573
0.003501
0.003122
0.003133
0.002901
0.002587
0.002644
0.002427
0.002593
0.001863
0.002101
0.001983
0.001593
0.001629
0.001505
0.001597
0.001687
0.001351
0.000933
0.000576
0.000755
0.000499
-0.000035
0.000426
0.000972
0.000386
-0.000008
0.000565
0.000608
0.000197
0.000488
0.000403
0.000032
0.000031
0.000341
0.000301
0.000157
0.000515
0.000555
0.000082
-0.000048
0.000081
0.000027
-0.000057
0.000670
0.000443
-0.000036
-0.000301
0.000122
-0.000323
0.000005
0.000385
-0.000125
-0.000242
0.000098
0.000470
0.000369
0.000506
0.001185
0.001038
0.002657
0.005752
0.008784
0.015505
0.017301
0.022673
0.035470
0.042220
0.047994
0.041581
0.042662
0.053133
0.052014
0.039605
0.046402
0.035367
0.033942
0.032085
0.030687
0.036280
0.033791
0.025770
0.024666
0.023178
0.022364
0.026592
0.025053
0.024318
0.018471
0.017007
0.016351
0.015762
0.018373
0.017125
0.013033
0.011585
0.010491
0.010031
0.009387
0.010388
0.009857
0.007355
0.006168
0.005679
0.007037
0.006503
0.006342
0.006235
0.003977
0.003429
0.003507
0.003234
0.003824
0.003747
0.003638
0.002633
0.002579
0.002774
0.003480
0.003476
0.003344
0.002947
0.002081
0.002317
0.002988
0.003139
0.003562
0.004128
0.003076
0.003093
0.003304
0.004095
0.004382
0.004744
0.003489
0.003160
0.003410
0.004473
0.004441
0.005083
0.004488
0.003939
0.003919
0.004219
0.004353
0.005663
0.006556
0.005466
0.004780
0.004820
0.005073
0.005402
0.004661
0.003765
0.003631
0.003024
0.003094
0.003288
0.003762
0.003371
0.002802
0.003090
0.002335
0.001961
0.003010
0.001994
0.001720
0.001999
0.001650
0.000651
0.000965
0.000931
0.000808
0.001220
0.001829
0.000782
0.000959
0.001352
0.001968
0.002386
0.002726
0.002647
0.002131
0.002496
0.003274
0.003418
0.003620
0.003773
0.003043
0.003125
0.003204
0.003838
0.003559
0.003541
0.002528
0.001911
0.002206
0.002862
0.002862
0.003444
0.003102
0.002901
0.003029
0.003511
0.004597
0.004753
0.005286
0.003783
0.003063
0.003223
0.003350
0.004011
0.004052
0.004026
0.002574
0.002197
0.002595
0.003342
0.003098
0.003023
0.002049
0.001513
0.001540
0.001709
0.001843
0.001867
0.001974
0.001468
0.000915
0.001443
0.001797
0.002491
0.002695
0.002698
0.002119
0.002162
0.002674
0.002882
0.003451
0.003799
0.003044
0.002001
0.001649
0.001975
0.001793
0.002162
0.002376
0.001947
0.001079
0.001278
0.001690
0.002043
0.002666
0.003026
0.002001
0.001935
0.002449
0.002752
0.003536
0.003810
0.003799
0.002306
0.002038
0.002551
0.002515
0.002830
0.003260
0.002449
0.001670
0.001515
0.002050
0.001979
0.002518
0.002978
0.002367
0.001851
0.001930
0.002511
0.002391
0.003010
0.003552
0.002587
0.001865
0.001937
0.002318
0.001973
0.002131
0.002898
0.001970
0.001994
0.002693
0.003486
0.004801
0.005571
0.006678
0.005462
0.005503
0.006071
0.008093
0.008468
0.009063
0.007625
0.007784
0.008277
0.008666
0.011244
0.012349
0.010317
0.010001
0.009624
0.010037
0.013010
0.013166
0.011261
0.011808
0.011282
0.011293
0.014269
0.014263
0.014795
0.012373
0.012201
0.012083
0.012386
0.015449
0.015404
0.012512
0.012372
0.012053
0.012182
0.012416
0.015541
0.015569
0.012648
0.012564
0.012591
0.012758
0.015841
0.015816
0.016171
0.012827
0.012475
0.012725
0.012871
0.015746
0.016414
0.013427
0.012781
0.012679
0.012865
0.015865
0.015862
0.012822
0.015873
0.012681
0.016001
0.015878
0.015852
0.013012
0.012871
0.012707
0.012805
0.016115
0.015872
0.016106
0.013163
0.012690
0.012702
0.015948
0.015781
0.015958
0.016349
0.012855
0.012870
0.016213
0.015974
0.015885
0.016083
0.012442
0.012375
0.012548
0.015622
0.015553
0.015913
0.012729
0.012539
0.012874
0.016106
0.016040
0.016317
0.012833
0.012596
0.012643
0.012888
0.015969
0.016051
0.013145
0.012836
0.012741
0.017222
0.017863
0.018105
0.015763
0.018241
0.020666
0.023659
0.028006
0.033436
0.039129
0.057813
0.068636
0.062341
0.068206
0.092849
0.102275
0.109760
0.115939
0.122387
0.127183
0.132335
0.162313
0.140552
0.145083
0.116723
0.116490
0.085626
0.159145
0.116738
0.083175
0.073627
0.063103
0.065376
0.049572
0.035123
0.019347
0.012074
0.006868
0.000242
-0.007507
-0.014882
-0.016739
-0.022387
-0.029150
-0.036759
-0.044570
-0.051672
-0.060072
-0.069042
-0.077115
-0.084262
-0.114138
-0.122637
-0.129930
-0.108496
-0.140108
-0.137668
-0.129119
-0.114698
-0.099363
-0.087369
-0.072863
-0.060799
-0.048895
-0.036642
-0.021109
-0.014981
-0.008212
0.000000
0.008943
0.017246
0.024918
0.033282
0.041842
0.049672
0.057606
0.065320
0.072308
0.100541
0.087123
0.092649
0.123264
0.130466
0.108869
0.112372
0.115440
0.144617
0.111331
0.105214
0.117428
0.082176
0.072503
0.063688
0.065316
0.050406
0.030647
0.023032
0.018130
0.005016
-0.004401
-0.011927
-0.025152
-0.026634
-0.043388
-0.042955
-0.049067
-0.056387
-0.082485
-0.075403
-0.082747
-0.089246
-0.095003
-0.125850
-0.132693
-0.110421
-0.113606
-0.114100
-0.137239
-0.125911
-0.112001
-0.096971
-0.081115
-0.067193
-0.044774
-0.036690
-0.028867
-0.020481
-0.012069
-0.003541
0.005309
0.014250
0.022195
0.029756
0.037188
0.044714
0.052539
0.060139
0.067669
0.074879
0.103075
0.113122
0.121757
0.102799
0.134347
0.111523
0.113619
0.112902
0.133676
0.095883
0.086328
0.077020
0.082111
0.066455
0.050355
0.037064
0.024826
0.012541
0.002060
-0.004782
-0.011204
-0.017401
-0.024837
-0.032005
-0.037716
-0.042728
-0.047355
-0.050251
-0.050770
-0.050396
-0.050133
-0.047765
-0.045151
-0.042841
-0.040682
-0.039293
-0.038544
-0.037875
-0.038534
-0.039466
-0.040089
-0.040757
-0.041318
-0.039854
-0.046864
-0.034788
-0.030893
-0.025777
-0.021191
-0.016390
-0.011262
-0.006685
0.000230
0.005102
0.009647
0.013894
0.017177
0.019443
0.019425
0.017942
0.016027
0.013967
0.010412
0.006266
0.002095
-0.002222
-0.006542
-0.010764
-0.014777
-0.018511
-0.021526
-0.022753
-0.028918
-0.027871
-0.019534
-0.019295
-0.011850
-0.009662
-0.003191
0.003086
0.009467
0.012313
0.020733
0.025584
0.027332
0.021198
0.019677
0.017439
0.014948
0.010872
0.006300
0.001788
-0.004707
-0.008681
-0.012865
-0.016400
-0.019644
-0.021286
-0.026967
-0.026026
-0.022764
-0.017085
-0.009815
-0.006399
-0.002383
0.002411
0.006296
0.010690
0.014921
0.018102
0.026686
0.022961
0.026852
0.024351
0.017031
0.013623
0.010272
0.006954
-0.000315
-0.006975
-0.013542
-0.015285
-0.018952
-0.021546
-0.022257
-0.027856
-0.025613
-0.020745
-0.012852
-0.011183
-0.004694
-0.000678
0.004504
0.010891
0.013348
0.021733
0.019266
0.024770
0.019545
0.022968
0.017252
0.019648
0.013474
0.014776
0.012553
0.009374
0.006762
0.003590
0.001598
0.000259
-0.001373
-0.003958
-0.005362
-0.004915
-0.006957
-0.008469
-0.009158
-0.009753
-0.010708
-0.014188
-0.015024
-0.012955
-0.017019
-0.014480
-0.014814
-0.018908
-0.015471
-0.019916
-0.020560
-0.021326
-0.017619
-0.017750
-0.017623
-0.022100
-0.022340
-0.023007
-0.023733
-0.024303
-0.019359
-0.019228
-0.023900
-0.024343
-0.024964
-0.019870
-0.019681
-0.020148
-0.019902
-0.019865
-0.020197
-0.025301
-0.025004
-0.019828
-0.020345
-0.020711
-0.020506
-0.020471
-0.025357
-0.024806
-0.025465
-0.020667
-0.020950
-0.021266
-0.021065
-0.020818
-0.025878
-0.025593
-0.020444
-0.020816
-0.020999
-0.020723
-0.020367
-0.025049
-0.025126
-0.025354
-0.025541
-0.020168
-0.020078
-0.019763
-0.024548
-0.024890
-0.025269
-0.019852
-0.024435
-0.019934
-0.019890
-0.019865
-0.025149
-0.025319
-0.024971
-0.025106
-0.020257
-0.019293
-0.016668
-0.012674
-0.008563
-0.003972
0.001568
0.007464
0.013726
0.020423
0.034932
0.034349
0.040153
0.059417
0.068274
0.075279
0.064033
0.082153
0.081423
0.078772
0.073320
0.054745
0.051972
0.048508
0.045230
0.053184
0.038599
0.036274
0.034558
0.039379
0.039342
0.032847
0.024452
0.026807
0.025723
0.018375
0.022693
0.015581
0.013433
0.013568
0.012719
0.009908
0.009142
0.009339
0.008603
0.010215
0.008201
0.007321
0.006158
0.005729
0.005375
0.004852
0.005229
0.004185
0.004075
0.003189
0.002806
0.002783
0.002557
0.002791
0.002909
0.002336
0.001624
0.001311
0.001379
0.001234
0.001283
0.001476
0.001182
0.000559
0.000399
0.000559
0.000560
0.000296
0.000404
0.000280
-0.000340
-0.000383
-0.000484
-0.000767
0.000766
0.003602
0.007054
0.010314
0.014925
0.020653
0.034056
0.034103
0.040488
0.058819
0.067774
0.059978
0.063870
0.082220
0.084294
0.084299
0.081059
0.079488
0.062522
0.075583
0.070704
0.052499
0.048632
0.054113
0.038017
0.033815
0.029317
0.030439
0.023883
0.014597
0.010412
0.006768
0.003496
0.000237
-0.003006
-0.007547
-0.011365
-0.015679
-0.015213
-0.016936
-0.017506
-0.017400
-0.020520
-0.014497
-0.014804
-0.009250
-0.006572
-0.003287
-0.000198
0.003740
0.008028
0.009007
0.010750
0.012922
0.019079
0.021849
0.019801
0.021649
0.022667
0.030377
0.032355
0.034288
0.028968
0.030240
0.038890
0.040694
0.041822
0.034236
0.035209
0.035857
0.036569
0.046743
0.046353
0.035972
0.034362
0.032027
0.029617
0.026477
0.027977
0.022427
0.014279
0.010414
0.006873
0.003817
0.000685
-0.003391
-0.007801
-0.011459
-0.011935
-0.014645
-0.016665
-0.018176
-0.019967
-0.026755
-0.029226
-0.031314
-0.024876
-0.024696
-0.024024
-0.021002
-0.022079
-0.017930
-0.012887
-0.008047
-0.003786
-0.001299
0.001859
0.005866
0.009596
0.010689
0.016524
0.015387
0.017649
0.024256
0.026711
0.029648
0.025042
0.033443
0.035313
0.037030
0.031052
0.032285
0.032811
0.042121
0.042921
0.043686
0.044207
0.042342
0.032069
0.036824
0.032572
0.027298
0.017920
0.014311
0.011390
0.008397
0.005777
0.001341
-0.003059
-0.006006
-0.008954
-0.011276
-0.013134
-0.019215
-0.021845
-0.025317
-0.028128
-0.024051
-0.025049
-0.024898
-0.023911
-0.026900
-0.022832
-0.014814
-0.011299
-0.008688
-0.005954
-0.002579
0.000398
0.004379
0.008524
0.009531
0.011576
0.013802
0.019786
0.022646
0.025740
0.022488
0.023555
0.031887
0.034064
0.028556
0.037716
0.031326
0.040079
0.033053
0.041958
0.034618
0.035692
0.035119
0.034455
0.040685
0.029875
0.033394
0.023437
0.019775
0.016340
0.013492
0.012520
0.007108
0.001921
-0.003082
-0.005658
-0.007805
-0.010085
-0.016072
-0.020198
-0.023364
-0.020011
-0.021662
-0.023613
-0.024331
-0.023401
-0.026628
-0.019845
-0.011789
-0.004131
0.001802
0.008779
0.014529
0.018244
0.016304
0.017049
0.017455
0.021566
0.021384
0.021283
0.016655
0.015486
0.014541
0.013777
0.015972
0.014443
0.013532
0.010155
0.009126
0.008680
0.008217
0.009445
0.008755
0.008110
0.007025
0.005217
0.005262
0.005848
0.005332
0.004839
0.004015
0.002699
0.002911
0.002936
0.002994
0.002893
0.002543
0.001870
0.001231
0.001524
0.001523
0.001962
0.001572
0.000000
0.000000
0.000000
0.000000
0.000000
0.000000
0.000000
0.000000
0.000000
0.000000
0.000000
0.000000
0.000000
0.000000
0.000000
0.000000
0.000000
0.000000
0.000000
0.000000
0.000000
0.000000
0.000000
0.000000
0.000000
0.000000
0.000000
0.000000
0.000000
0.000000
0.000000
0.000000
0.000000
0.000000
0.000000
0.000000
0.000000
0.000000
0.000000
0.000000
0.000000
0.000000
0.000000
0.000000
0.000000
0.000000
0.000000
0.000000
0.000000
0.000000
0.000000
0.000000
0.000000
0.000000
0.000000
0.000000
0.000000
0.000000
0.000000
0.000000
0.000000
0.000000
0.000000
0.000000
0.000000
0.000000
0.000000
0.000000
0.000000
0.000000
0.000000
0.000000
0.000000
0.000000
0.000000
0.000000
0.000000
0.000000
0.000000
0.000000
0.000000
0.000000
0.000000
0.000000
0.000000
0.000000
0.000000
0.000000
0.000000
0.000000
0.000000
0.000000
0.000000
0.000000
0.000000
0.000000
0.000000
0.000000
0.000000
0.000000
0.000000
0.000000
0.000000
0.000000
0.000000
0.000000
0.000000
0.000000
0.000000
0.000000
0.000000
0.000000
0.000000
0.000000
0.000000
0.000000
0.000000
0.000000
0.000000
0.000000
0.000000
0.000000
0.000000
0.000000
0.000000
0.000000
0.000000
0.000000
0.000000
0.000000
0.000000
0.000000
0.000000
0.000000
0.000000
0.000000
0.000000
0.000000
0.000000
0.000000
0.000000
0.000000
0.000000
0.000000
0.000000
0.000000
0.000000
0.000000
0.000000
0.000000
0.000000
0.000000
0.000000
0.000000
0.000000
0.000000
0.000000
0.000000
0.000000
0.000000
0.000000
0.000000
0.000000
0.000000
0.000000
0.000000
0.000000
0.000000
0.000000
0.000000
0.000000
0.000000
0.000000
0.000000
0.000000
0.000000
0.000000
0.000000
0.000000
0.000000
0.000000
0.000000
0.000000
0.000000
0.000000
0.000000
0.000000
0.000000
0.000000
0.000000
0.000000
0.000000
0.000000
0.000000
0.000000
0.000000
0.000000
0.000000
0.000000
0.000000
0.000000
0.000000
0.000000
0.000000
0.000000
0.000000
0.000000
0.000000
0.000000
0.000000
0.000000
0.000000
0.000000
0.000000
0.000000
0.000000
0.000000
0.000000
0.000000
0.000000
0.000000
0.000000
0.000000
0.000000
0.000000
0.000000
0.000000
0.000000
0.000000
0.000000
0.000000
0.000000
0.000000
0.000000
0.000000
0.000000
0.000000
0.000000
0.000000
0.000000
0.000000
0.000000
0.000000
0.000000
0.000000
0.000000
0.000000
0.000000
0.000000
0.000000
0.000000
0.000000
0.000000
0.000000
0.000000
0.000000
0.000000
0.000000
0.000000
0.000000
0.000000
0.000000
0.000000
0.000000
0.000000
0.000000
0.000000
0.000000
0.000000
0.000000
0.000000
0.000000
0.000000
0.000000
0.000000
0.000000
0.000000
0.000000
0.000000
0.000000
0.000000
0.000000
0.000000
0.000000
0.000000
0.000000
0.000000
0.000000
0.000000
0.000000
0.000000
0.000000
0.000000
0.000000
0.000000
0.000000
0.000000
0.000000
0.000000
0.000000
0.000000
0.000000
0.000000
0.000000
0.000000
0.000000
0.000000
0.000000
0.000000
0.000000
0.000000
0.000000
0.000000
0.000000
0.000000
0.000000
0.000000
0.000000
0.000000
0.000000
0.000000
0.000000
0.000000
0.000000
0.000000
0.000000
0.000000
0.000000
0.000000
0.000000
0.000000
0.000000
0.000000
0.000000
0.000000
0.000000
0.000000
0.000000
0.000000
0.000000
0.000000
0.000000
0.000000
0.000000
0.000000
0.000000
0.000000
0.000000
0.000000
0.000000
0.000000
0.000000
0.000000
0.000000
0.000000
0.000000
0.000000
0.000000
0.000000
0.000000
0.000000
0.000000
0.000000
0.000000
0.000000
0.000000
0.000000
0.000000
0.000000
0.000000
0.000000
0.000000
0.000000
0.000000
0.000000
0.000000
0.000000
0.000000
0.000000
0.000000
0.000000
0.000000
0.000000
0.000000
0.000000
0.000000
0.000000
0.000000
0.000000
0.000000
0.000000
0.000000
0.000000
0.000000
0.000000
0.000000
0.000000
0.000000
0.000000
0.000000
0.000000
0.000000
0.000000
0.000000
0.000000
0.000000
0.000000
0.000000
0.000000
0.000000
0.000000
0.000000
0.000000
0.000000
0.000000
0.000000
0.000000
0.000000
0.000000
0.000000
0.000000
0.000000
0.000000
0.000000
0.000000
0.000000
0.000000
0.000000
0.000000
0.000000
0.000000
0.000000
0.000000
0.000000
0.000000
0.000000
0.000000
0.000000
0.000000
0.000000
0.000000
0.000000
0.000000
0.000000
0.000000
0.000000
0.000000
0.000000
0.000000
0.000000
0.000000
0.000000
0.000000
0.000000
0.000000
0.000000
0.000000
0.000000
0.000000
0.000000
0.000000
0.000000
0.000000
0.000000
0.000000
0.000000
0.000000
0.000000
0.000000
0.000000
0.000000
0.000000
0.000000
0.000000
0.000000
0.000000
0.000000
0.000000
0.000000
0.000000
0.000000
0.000000
0.000000
0.000000
0.000000
0.000000
0.000000
0.000000
0.000000
0.000000
0.000000
0.000000
0.000000
0.000000
0.000000
0.000000
0.000000
0.000000
0.000000
0.000000
0.000000
0.000000
0.000000
0.000000
0.000000
0.000000
0.000000
0.000000
0.000000
0.000000
0.000000
0.000000
0.000000
0.000000
0.000000
0.000000
0.000000
0.000000
0.000000
0.000000
0.000000
0.000000
0.000000
0.000000
0.000000
0.000000
0.000000
0.000000
0.000000
0.000000
0.000000
0.000000
0.000000
0.000000
0.000000
0.000000
0.000000
0.000000
0.000000
0.000000
0.000000
0.000000
0.000000
0.000000
0.000000
0.000000
0.000000
0.000000
0.000000
0.000000
0.000000
0.000000
0.000000
0.000000
0.000000
0.000000
0.000000
0.000000
0.000000
0.000000
0.000000
0.000000
0.000000
0.000000
0.000000
0.000000
0.000000
0.000000
0.000000
0.000000
0.000000
0.000000
0.000000
0.000000
0.000000
0.000000
0.000000
0.000000
0.000000
0.000000
0.000000
0.000000
0.000000
0.000000
0.000000
0.000000
0.000000
0.000000
0.000000
0.000000
0.000000
0.000000
0.000000
0.000000
0.000000
0.000000
0.000000
0.000000
0.000000
0.000000
0.000000
0.000000
0.000000
0.000000
0.000000
0.000000
0.000000
0.000000
0.000000
0.000000
0.000000
0.000000
0.000000
0.000000
0.000000
0.000000
0.000000
0.000000
0.000000
0.000000
0.000000
0.000000
0.000000
0.000000
0.000000
0.000000
0.000000
0.000000
0.000000
0.000000
0.000000
0.000000
0.000000
0.000000
0.000000
0.000000
0.000000
0.000000
0.000000
0.000000
0.000000
0.000000
0.000000
0.000000
0.000000
0.000000
0.000000
0.000000
0.000000
0.000000
0.000000
0.000000
0.000000
0.000000
0.000000
0.000000
0.000000
0.000000
0.000000
0.000000
0.000000
0.000000
0.000000
0.000000
0.000000
0.000000
0.000000
0.000000
0.000000
0.000000
0.000000
0.000000
0.000000
0.000000
0.000000
0.000000
0.000000
0.000000
0.000000
0.000000
0.000000
0.000000
0.000000
0.000000
0.000000
0.000000
0.000000
0.000000
0.000000
0.000000
0.000000
0.000000
0.000000
0.000000
0.000000
0.000000
0.000000
0.000000
0.000000
0.000000
0.000000
0.000000
0.000000
0.000000
0.000000
0.000000
0.000000
0.000000
0.000000
0.000000
0.000000
0.000000
0.000000
0.000000
0.000000
0.000000
0.000000
0.000000
0.000000
0.000000
0.000000
0.000000
0.000000
0.000000
0.000000
0.000000
0.000000
0.000000
0.000000
0.000000
0.000000
0.000000
0.000000
0.000000
0.000000
0.000000
0.000000
0.000000
0.000000
0.000000
0.000000
0.000000
0.000000
0.000000
0.000000
0.000000
0.000000
0.000000
0.000000
0.000000
0.000000
0.000000
0.000000
0.000000
0.000000
0.000000
0.000000
0.000000
0.000000
0.000000
0.000000
0.000000
0.000000
0.000000
0.000000
0.000000
0.000000
0.000000
0.000000
0.000000
0.000000
0.000000
0.000000
0.000000
0.000000
0.000000
0.000000
0.000000
0.000000
0.000000
0.000000
0.000000
0.000000
0.000000
0.000000
0.000000
0.000000
0.000000
0.000000
0.000000
0.000000
0.000000
0.000000
0.000000
0.000000
0.000000
0.000000
0.000000
0.000000
0.000000
0.000000
0.000000
0.000000
0.000000
0.000000
0.000000
0.000000
0.000000
0.000000
0.000000
0.000000
0.000000
0.000000
0.000000
0.000000
0.000000
0.000000
0.000000
0.000000
0.000000
0.000000
0.000000
0.000000
0.000000
0.000000
0.000000
0.000000
0.000000
0.000000
0.000000
0.000000
0.000000
0.000000
0.000000
0.000000
0.000000
0.000000
0.000000
0.000000
0.000000
0.000000
0.000000
0.000000
0.000000
0.000000
0.000000
0.000000
0.000000
0.000000
0.000000
0.000000
0.000000
0.000000
0.000000
0.000000
0.000000
0.000000
0.000000
0.000000
0.000000
0.000000
0.000000
0.000000
0.000000
0.000000
0.000000
0.000000
0.000000
0.000000
0.000000
0.000000
0.000000
0.000000
0.000000
0.000000
0.000000
0.000000
0.000000
0.000000
0.000000
0.000000
0.000000
0.000000
0.000000
0.000000
0.000000
0.000000
0.000000
0.000000
0.000000
0.000000
0.000000
0.000000
0.000000
0.000000
0.000000
0.000000
0.000000
0.000000
0.000000
0.000000
0.000000
0.000000
0.000000
0.000000
0.000000
0.000000
0.000000
0.000000
0.000000
0.000000
0.000000
0.000000
0.000000
0.000000
0.000000
0.000000
0.000000
0.000000
0.000000
0.000000
0.000000
0.000000
0.000000
0.000000
0.000000
0.000000
0.000000
0.000000
0.000000
0.000000
0.000000
0.000000
0.000000
0.000000
0.000000
0.000000
0.000000
0.000000
0.000000
0.000000
0.000000
0.000000
0.000000
0.000000
0.000000
0.000000
0.000000
0.000000
0.000000
0.000000
0.000000
0.000000
0.000000
0.000000
0.000000
0.000000
0.000000
0.000000
0.000000
0.000000
0.000000
0.000000
0.000000
0.000000
0.000000
0.000000
0.000000
0.000000
0.000000
0.000000
0.000000
0.000000
0.000000
0.000000
0.000000
0.000000
0.000000
0.000000
0.000000
0.000000
0.000000
0.000000
0.000000
0.000000
0.000000
0.000000
0.000000
0.000000
0.000000
0.000000
0.000000
0.000000
0.000000
0.000000
0.000000
0.000000
0.000000
0.000000
0.000000
0.000000
0.000000
0.000000
0.000000
0.000000
0.000000
0.000000
0.000000
0.000000
0.000000
0.000000
0.000000
0.000000
0.000000
0.000000
0.000000
0.000000
0.000000
0.000000
0.000000
0.000000
0.000000
0.000000
0.000000
0.000000
0.000000
0.000000
0.000000
0.000000
0.000000
0.000000
0.000000
0.000000
0.000000
0.000000
0.000000
0.000000
0.000000
0.000000
0.000000
0.000000
0.000000
0.000000
0.000000
0.000000
0.000000
0.000000
0.000000
0.000000
0.000000
0.000000
0.000000
0.000000
0.000000
0.000000
0.000000
0.000000
0.000000
0.000000
0.000000
0.000000
0.000000
0.000000
0.000000
0.000000
0.000000
0.000000
