2.576081
2.557961
2.440180
2.521721
2.518701
2.518701
2.672722
2.521721
2.382799
2.603261
2.557961
2.515681
2.582121
2.473400
2.488500
2.322399
2.536821
2.594201
2.567021
2.491520
2.530781
2.364679
2.425080
2.458300
2.470380
2.576081
2.554941
2.530781
2.576081
2.476420
2.491520
2.373739
2.406960
2.506620
2.582121
2.449240
2.570041
2.473400
2.551921
2.536821
2.428100
2.422060
2.485480
2.379779
2.467360
2.591181
2.503600
2.449240
2.554941
2.431120
2.476420
2.530781
2.446220
2.400920
2.476420
2.361659
2.400920
2.455280
2.564001
2.557961
2.603261
2.491520
2.488500
2.518701
2.473400
2.361659
2.479440
2.440180
2.467360
2.518701
2.651582
2.521721
2.633461
2.521721
2.413000
2.518701
2.503600
2.527761
2.618361
2.533801
2.530781
2.485480
2.437160
2.557961
2.603261
2.527761
2.542861
2.579101
2.503600
2.497561
2.560981
2.485480
2.470380
2.539841
2.542861
2.506620
2.612321
2.470380
2.530781
2.539841
2.621382
2.476420
2.627421
2.503600
2.503600
2.479440
2.497561
2.597221
2.585141
2.440180
2.500581
2.509640
2.428100
2.467360
2.470380
2.464340
2.536821
2.440180
2.470380
2.400920
2.473400
2.476420
2.455280
2.524741
2.603261
2.458300
2.434140
2.452260
2.488500
2.476420
2.582121
2.482460
2.485480
2.509640
2.533801
2.458300
2.570041
2.539841
2.533801
2.606281
2.521721
2.416020
2.391860
2.479440
2.470380
2.409980
2.458300
2.325419
2.400920
2.352599
2.588161
2.470380
2.630441
2.579101
2.630441
2.594201
2.591181
2.582121
2.518701
2.464340
2.503600
2.509640
2.560981
2.579101
2.545881
2.542861
2.576081
2.579101
2.597221
2.491520
2.527761
2.515681
2.446220
2.455280
2.573061
2.476420
2.452260
2.509640
2.500581
2.494540
2.624401
2.588161
2.473400
2.600241
2.431120
2.527761
2.585141
2.509640
2.554941
2.506620
2.431120
2.482460
2.521721
2.567021
2.503600
2.518701
2.449240
2.437160
2.542861
2.385819
2.464340
2.452260
2.406960
2.485480
2.464340
2.494540
2.530781
2.606281
2.470380
2.521721
2.570041
2.533801
2.500581
2.509640
2.588161
2.533801
2.570041
2.488500
2.509640
2.464340
2.431120
2.416020
2.542861
2.506620
2.476420
2.567021
2.497561
2.467360
2.564001
2.539841
2.494540
2.639502
2.536821
2.506620
2.551921
2.548901
2.464340
2.606281
2.476420
2.464340
2.573061
2.530781
2.443200
2.488500
2.470380
2.379779
2.570041
2.482460
2.434140
2.603261
2.437160
2.482460
2.536821
2.497561
2.455280
2.506620
2.455280
2.413000
2.467360
2.425080
2.307299
2.500581
2.455280
2.400920
2.476420
2.479440
2.425080
2.564001
2.506620
2.467360
2.585141
2.461320
2.521721
2.612321
2.491520
2.464340
2.560981
2.458300
2.515681
2.684802
2.536821
2.533801
2.579101
2.491520
2.512661
2.576081
2.455280
2.425080
2.482460
2.313339
2.440180
2.476420
2.379779
2.476420
2.500581
2.406960
2.464340
2.573061
2.434140
2.482460
2.527761
2.479440
2.491520
2.606281
2.370719
2.449240
2.509640
2.391860
2.280119
2.470380
2.186498
2.406960
2.358639
2.485480
2.660642
2.440180
2.440180
2.570041
2.557961
2.509640
2.533801
2.458300
2.455280
2.452260
2.437160
2.548901
2.591181
2.425080
2.485480
2.452260
2.506620
2.527761
2.500581
2.452260
2.808623
2.403940
2.509640
2.446220
2.491520
2.576081
2.576081
2.521721
2.666682
2.636482
2.422060
2.542861
2.576081
2.434140
2.597221
2.681782
2.588161
2.627421
2.579101
2.470380
2.711982
2.612321
2.491520
2.551921
2.464340
2.376760
2.494540
2.621382
2.461320
2.479440
2.533801
2.391860
2.388839
2.277099
2.352599
2.467360
2.343539
2.310319
2.488500
2.470380
2.391860
2.542861
2.530781
2.488500
2.494540
2.470380
2.473400
2.473400
2.443200
2.482460
2.560981
2.696882
2.693862
2.515681
2.488500
2.443200
2.564001
2.615341
2.376760
2.588161
2.624401
2.488500
2.570041
2.437160
2.536821
2.500581
2.506620
2.530781
2.669702
2.518701
2.545881
2.699902
2.340519
2.606281
2.530781
2.512661
2.542861
2.554941
2.591181
2.500581
2.518701
2.515681
2.482460
2.467360
2.548901
2.473400
2.500581
2.576081
2.467360
2.536821
2.476420
2.431120
2.452260
2.536821
2.394880
2.431120
2.458300
2.512661
2.539841
2.452260
2.422060
2.503600
2.515681
2.431120
2.437160
2.570041
2.361659
2.482460
2.612321
2.434140
2.551921
2.479440
2.524741
2.527761
2.413000
2.346559
2.449240
2.657622
2.509640
2.554941
2.527761
2.464340
2.570041
2.443200
2.376760
2.331459
2.524741
2.422060
2.470380
2.367699
2.331459
2.708962
2.331459
3.385448
2.554941
2.434140
1.860335
1.519072
2.117037
2.261998
2.690842
2.796543
2.687822
2.902244
2.998884
2.772383
2.784463
2.690842
2.554941
2.624401
2.545881
2.261998
2.887144
1.334851
1.585513
1.763694
2.434140
2.497561
2.533801
2.769363
2.675742
2.711982
2.766343
2.787483
2.681782
2.627421
2.557961
2.799563
2.524741
2.609301
2.606281
2.618361
2.400920
2.630441
2.497561
2.536821
2.479440
2.636482
2.554941
2.597221
2.594201
2.551921
2.518701
2.570041
2.754262
2.899224
2.721042
2.551921
2.618361
2.597221
2.663662
2.666682
2.621382
2.624401
2.458300
2.539841
2.524741
2.473400
2.536821
2.467360
2.479440
2.527761
2.476420
2.533801
2.675742
2.419040
2.509640
2.521721
2.443200
2.210658
2.542861
2.056637
2.168378
2.672722
2.618361
2.476420
2.693862
2.678762
2.560981
2.570041
2.591181
2.494540
2.416020
2.515681
2.431120
2.482460
2.406960
2.452260
2.458300
2.403940
2.542861
2.506620
2.518701
2.585141
2.579101
2.530781
2.452260
2.431120
2.074757
2.582121
2.434140
2.567021
2.530781
2.536821
2.476420
2.597221
2.567021
2.512661
2.527761
2.470380
2.479440
2.557961
2.385819
2.965664
2.265018
1.869395
2.784463
2.506620
2.286159
2.440180
2.615341
2.742182
2.811643
2.757282
2.642522
2.669702
2.630441
2.579101
2.639502
2.633461
2.591181
2.585141
2.557961
2.594201
2.636482
2.660642
2.606281
2.536821
2.539841
2.539841
2.518701
2.527761
2.588161
2.419040
2.349579
2.473400
2.192538
2.536821
2.551921
2.615341
2.545881
2.633461
2.567021
2.434140
2.515681
2.503600
2.479440
2.521721
2.594201
2.452260
2.542861
2.548901
2.485480
2.479440
2.539841
2.464340
2.470380
2.576081
2.497561
2.452260
2.431120
2.548901
2.370719
2.446220
2.355619
2.156298
2.751242
2.017376
2.316359
2.126097
2.814663
2.428100
2.582121
2.548901
2.512661
2.612321
2.654602
2.615341
2.612321
2.669702
2.633461
2.579101
2.588161
2.591181
2.633461
2.633461
2.554941
2.591181
2.515681
2.615341
2.591181
2.615341
2.491520
2.567021
2.452260
2.473400
2.648562
2.367699
2.850903
2.283139
2.261998
2.509640
2.579101
2.467360
2.609301
2.576081
2.503600
2.403940
2.545881
2.548901
2.467360
2.570041
2.503600
2.413000
2.548901
2.545881
2.621382
2.564001
2.482460
2.485480
2.416020
2.437160
2.660642
2.440180
2.524741
2.382799
2.419040
2.316359
2.663662
2.560981
2.126097
1.491892
1.023788
1.374111
2.394880
2.645542
2.733122
2.718022
2.684802
2.856943
2.708962
2.645542
2.585141
2.603261
2.597221
2.630441
2.615341
2.693862
2.621382
2.527761
2.633461
2.621382
2.503600
2.618361
2.615341
2.567021
2.479440
2.570041
2.425080
2.506620
2.542861
2.261998
2.295219
2.246898
2.591181
2.428100
2.557961
2.579101
2.536821
2.551921
2.479440
2.530781
2.579101
2.530781
2.536821
2.488500
2.455280
2.491520
2.316359
2.497561
2.579101
2.533801
2.539841
2.551921
2.476420
2.642522
2.482460
2.551921
2.416020
2.603261
2.403940
2.413000
2.479440
2.497561
2.485480
2.548901
2.479440
2.431120
2.536821
2.557961
2.413000
2.551921
2.425080
2.497561
2.385819
2.582121
2.521721
1.374111
2.174418
2.358639
2.349579
2.567021
2.597221
2.627421
2.627421
2.479440
2.826743
2.603261
2.452260
2.648562
2.730102
2.400920
2.527761
2.476420
2.464340
2.551921
2.515681
2.422060
2.524741
2.467360
2.437160
2.470380
2.518701
2.476420
2.551921
2.579101
2.367699
2.452260
2.467360
2.482460
2.542861
2.570041
2.482460
2.500581
2.431120
2.470380
2.419040
2.503600
2.645542
2.597221
2.557961
2.570041
2.494540
2.482460
2.548901
2.482460
2.636482
2.573061
2.542861
2.627421
2.539841
2.518701
2.500581
2.470380
2.503600
2.609301
2.491520
2.545881
2.491520
2.642522
2.542861
2.545881
2.533801
2.518701
2.458300
2.485480
2.413000
2.503600
2.530781
2.464340
2.464340
2.524741
2.536821
2.533801
2.503600
2.533801
2.409980
2.437160
2.467360
2.515681
2.530781
2.476420
2.431120
2.551921
2.470380
2.464340
2.437160
2.476420
2.500581
2.497561
2.512661
2.567021
2.446220
2.488500
2.579101
2.588161
2.588161
2.594201
2.479440
2.521721
2.539841
2.488500
2.560981
2.524741
2.533801
2.524741
2.591181
2.545881
2.545881
2.579101
2.491520
2.509640
2.455280
2.497561
2.506620
2.594201
2.567021
2.618361
2.521721
2.518701
2.597221
2.521721
2.494540
2.452260
2.588161
2.476420
2.491520
2.491520
2.437160
2.533801
2.521721
2.449240
2.536821
2.564001
2.446220
2.554941
2.419040
2.473400
2.515681
2.500581
2.512661
2.551921
2.485480
2.488500
2.554941
2.494540
2.485480
2.506620
2.554941
2.509640
2.458300
2.539841
2.527761
2.413000
2.419040
2.564001
2.515681
2.539841
2.570041
2.455280
2.455280
2.512661
2.603261
2.521721
2.530781
2.440180
2.485480
2.560981
2.473400
2.473400
2.536821
2.512661
2.515681
2.521721
2.518701
2.431120
2.509640
2.497561
2.564001
2.548901
2.588161
2.533801
2.633461
2.624401
2.542861
2.458300
2.545881
2.570041
2.419040
2.539841
2.434140
2.636482
2.379779
2.521721
2.355619
2.425080
2.464340
1.458672
2.639502
3.772011
2.452260
2.512661
2.313339
2.542861
2.210658
2.198578
2.479440
2.624401
2.633461
2.612321
2.367699
2.512661
1.676114
2.594201
2.089857
2.409980
2.494540
2.639502
2.730102
2.576081
2.699902
2.609301
2.542861
2.509640
2.551921
2.403940
2.757282
2.521721
2.817683
2.243878
2.618361
2.533801
2.394880
2.464340
2.551921
2.428100
2.506620
2.373739
2.615341
2.358639
2.295219
2.349579
2.539841
2.464340
2.690842
2.530781
2.588161
2.422060
2.570041
2.346559
2.545881
2.736142
2.135157
2.977744
1.799935
2.403940
2.512661
2.367699
2.624401
2.687822
2.675742
2.600241
2.500581
2.582121
2.491520
2.548901
2.597221
2.476420
2.570041
2.588161
2.564001
2.681782
2.666682
2.651582
2.615341
2.509640
2.533801
2.603261
2.576081
2.479440
2.515681
2.539841
2.573061
2.648562
2.509640
2.542861
2.564001
2.497561
2.497561
2.600241
2.482460
2.527761
2.476420
2.551921
2.609301
2.560981
2.521721
2.464340
2.545881
2.458300
2.485480
2.615341
2.403940
2.382799
2.455280
2.591181
2.551921
2.551921
2.594201
2.530781
2.470380
2.554941
2.548901
2.512661
2.419040
2.494540
2.482460
2.482460
2.515681
2.479440
2.570041
2.397900
2.518701
2.509640
2.464340
2.464340
2.518701
2.346559
2.422060
2.518701
2.479440
2.440180
2.503600
2.600241
2.409980
2.391860
2.585141
2.470380
2.467360
2.458300
2.536821
2.464340
2.464340
2.506620
2.506620
2.515681
2.527761
2.461320
2.449240
2.582121
2.494540
2.422060
2.515681
2.367699
2.473400
2.440180
2.509640
2.292199
2.515681
2.382799
2.576081
2.542861
2.654602
1.730474
2.343539
2.319379
2.443200
2.560981
2.518701
2.515681
2.612321
2.564001
2.512661
2.527761
2.579101
2.624401
2.539841
2.557961
2.588161
2.521721
2.542861
2.551921
2.512661
2.527761
2.633461
2.579101
2.455280
2.551921
2.476420
2.567021
2.355619
2.594201
2.503600
2.672722
2.633461
2.597221
2.500581
2.515681
2.533801
2.482460
2.455280
2.500581
2.464340
2.434140
2.388839
2.521721
2.530781
2.521721
2.467360
2.533801
2.524741
2.518701
2.467360
2.503600
2.515681
2.449240
2.536821
2.536821
2.437160
2.551921
2.518701
2.536821
2.539841
2.530781
2.515681
2.518701
2.570041
2.530781
2.488500
2.503600
2.461320
2.488500
2.570041
2.560981
2.518701
2.506620
2.482460
2.582121
2.452260
2.506620
2.452260
2.515681
2.560981
2.530781
2.518701
2.464340
2.533801
2.545881
2.482460
2.464340
2.545881
2.497561
2.630441
2.554941
2.518701
2.500581
2.452260
2.431120
2.485480
2.434140
2.560981
2.416020
2.397900
2.497561
2.494540
2.564001
2.612321
2.497561
2.419040
2.554941
2.464340
2.440180
2.500581
2.500581
2.579101
2.564001
2.630441
2.440180
2.594201
2.473400
2.567021
2.524741
2.422060
2.440180
2.600241
2.467360
2.503600
2.557961
2.449240
2.494540
2.567021
2.479440
2.515681
2.557961
2.542861
2.476420
0.000000
0.000000
0.000000
0.000000
0.000000
0.000000
0.000000
0.000000
0.000000
0.000000
0.000000
0.000000
0.000000
0.000000
0.000000
0.000000
0.000000
0.000000
0.000000
0.000000
0.000000
0.000000
0.000000
0.000000
0.000000
0.000000
0.000000
0.000000
0.000000
0.000000
0.000000
0.000000
0.000000
0.000000
0.000000
0.000000
0.000000
0.000000
0.000000
0.000000
0.000000
0.000000
0.000000
0.000000
0.000000
0.000000
0.000000
0.000000
0.000000
0.000000
0.000000
0.000000
0.000000
0.000000
0.000000
0.000000
0.000000
0.000000
0.000000
0.000000
0.000000
0.000000
0.000000
0.000000
0.000000
0.000000
0.000000
0.000000
0.000000
0.000000
0.000000
0.000000
0.000000
0.000000
0.000000
0.000000
0.000000
0.000000
0.000000
0.000000
0.000000
0.000000
0.000000
0.000000
0.000000
0.000000
0.000000
0.000000
0.000000
0.000000
0.000000
0.000000
0.000000
0.000000
0.000000
0.000000
0.000000
0.000000
0.000000
0.000000
0.000000
0.000000
0.000000
0.000000
0.000000
0.000000
0.000000
0.000000
0.000000
0.000000
0.000000
0.000000
0.000000
0.000000
0.000000
0.000000
0.000000
0.000000
0.000000
0.000000
0.000000
0.000000
0.000000
0.000000
0.000000
0.000000
0.000000
0.000000
0.000000
0.000000
0.000000
0.000000
0.000000
0.000000
0.000000
0.000000
0.000000
0.000000
0.000000
0.000000
0.000000
0.000000
0.000000
0.000000
0.000000
0.000000
0.000000
0.000000
0.000000
0.000000
0.000000
0.000000
0.000000
0.000000
0.000000
0.000000
0.000000
0.000000
0.000000
0.000000
0.000000
0.000000
0.000000
0.000000
0.000000
0.000000
0.000000
0.000000
0.000000
0.000000
0.000000
0.000000
0.000000
0.000000
0.000000
0.000000
0.000000
0.000000
0.000000
0.000000
0.000000
0.000000
0.000000
0.000000
0.000000
0.000000
0.000000
0.000000
0.000000
0.000000
0.000000
0.000000
0.000000
0.000000
0.000000
0.000000
0.000000
0.000000
0.000000
0.000000
0.000000
0.000000
0.000000
0.000000
0.000000
0.000000
0.000000
0.000000
0.000000
0.000000
