369.844299
1519.386475
2646.136475
3088.367676
3692.050049
7617.037109
11534.211914
12008.978516
12541.385742
13193.965820
13831.541016
14561.878906
15372.743164
16144.051758
16948.689453
17723.470703
18525.072266
19298.771484
20893.416016
23408.378906
24693.687500
26805.876953
27396.953125
28703.921875
29571.347656
30013.898438
30608.658203
31216.087891
31779.042969
0.000000
0.000000
0.000000
0.000000
0.000000
0.000000
0.000000
0.000000
0.000000
0.000000
0.000000
0.000000
0.000000
0.000000
0.000000
0.000000
0.000000
0.000000
0.000000
0.000000
0.000000
0.000000
0.000000
0.000000
0.000000
0.000000
0.000000
0.000000
0.000000
0.000000
0.000000
0.000000
0.000000
0.000000
0.000000
0.000000
0.000000
0.000000
0.000000
0.000000
0.000000
0.000000
0.000000
0.000000
0.000000
0.000000
0.000000
0.000000
0.000000
0.000000
0.000000
0.000000
0.000000
0.000000
0.000000
0.000000
0.000000
0.000000
0.000000
0.000000
0.000000
0.000000
0.000000
0.000000
0.000000
0.000000
0.000000
0.000000
0.000000
0.000000
0.000000
