12.493841
10.159363
10.192584
10.237884
10.071782
10.101982
12.354921
10.135202
10.240904
10.135203
10.171443
10.044602
10.062722
12.315660
12.424381
10.038563
10.156343
10.150303
10.147284
10.005342
12.285460
12.412301
10.056683
10.105002
10.201643
10.180504
12.400221
10.029502
10.020442
10.138223
10.174463
10.156343
12.391162
10.017422
10.262044
10.089903
12.354920
10.062722
10.050642
12.385121
12.336802
10.101982
10.150303
10.080842
10.092922
10.041582
12.490822
12.524042
12.309620
10.234863
11.965338
12.161640
12.273380
12.409281
10.011382
12.249220
12.397202
10.183523
10.041582
10.092923
10.083862
12.409281
12.339821
10.038562
10.095942
10.105002
10.032522
10.044602
12.345861
12.388141
10.035542
10.080842
10.068762
10.108023
12.563302
12.261300
12.484781
10.050642
10.132183
10.029501
10.056683
10.005342
10.035542
12.206940
10.065742
10.080843
10.189563
10.050642
12.370022
12.397202
12.397202
12.593502
10.156343
10.123123
12.415321
12.312640
12.309621
12.533102
10.098963
10.138223
10.044602
12.487802
12.261300
12.424381
12.505922
10.114062
10.083862
10.014402
12.276400
12.321700
12.351900
10.023462
10.144263
10.123123
12.330761
12.427402
12.276400
12.496862
10.077822
10.126143
10.050642
12.436462
12.264320
12.391161
10.008362
10.141243
10.231844
10.041582
12.351902
12.460621
12.518002
10.210704
10.123122
10.059702
10.092922
10.138223
10.105002
12.430422
10.041582
12.167679
10.609347
10.301304
12.037819
12.080099
12.246201
12.336801
12.394181
10.071783
12.231101
10.171444
10.002321
10.171443
10.086883
10.005342
10.210703
12.481761
12.321701
12.421361
10.126143
10.108023
10.132183
12.593503
12.351901
12.291500
12.460621
10.062722
10.259024
10.105002
12.469683
12.261300
12.379082
10.041582
10.086883
10.195603
10.138223
12.376060
12.237141
12.421361
12.563303
10.077823
10.105002
10.002321
12.327742
12.345861
12.499882
12.460622
10.195603
10.126143
12.379082
12.237141
12.478742
10.032522
10.120103
10.129163
10.056683
12.454581
12.252239
12.421362
10.011382
10.141243
10.150303
12.418341
12.309620
12.252241
12.539143
10.065742
10.141243
10.120103
12.415322
12.200899
12.548203
12.469682
10.129163
10.135202
10.126143
12.303581
12.351901
12.436461
10.026482
10.189563
10.153323
12.370021
12.403241
12.264320
12.578403
10.126143
10.138223
10.032522
10.038563
12.246201
10.014402
12.569344
10.225803
10.153322
10.032522
12.336802
12.484781
10.041582
10.083862
10.153323
10.008362
10.065742
10.047622
10.008362
10.023461
10.180503
10.153323
10.038562
12.400222
12.363981
12.297541
10.062722
10.056683
10.017422
10.041582
12.508942
12.212980
12.376060
12.382101
10.029502
10.105003
10.059702
10.026482
12.315660
12.367001
12.391161
10.017422
10.068762
10.168423
12.533102
12.282440
12.357941
12.306601
10.111042
10.198624
10.120102
12.472702
12.309621
12.342841
12.521022
10.189564
10.114063
10.083862
12.560283
12.216000
10.044601
10.177484
10.074802
10.228824
10.077822
12.475722
12.330761
10.029502
10.065742
10.156343
10.071782
10.056683
12.288480
12.279421
12.484782
12.596523
10.120103
10.053662
12.351901
12.237140
12.394181
12.505922
10.032522
10.080842
10.074802
12.291501
12.300560
12.487803
10.059702
10.141243
10.080843
10.050642
12.442501
12.288480
10.089903
10.026482
10.129163
10.165403
10.186543
12.421362
10.032522
10.008362
10.147283
10.138223
10.014402
10.011381
10.123123
10.174463
12.563303
11.838497
12.357941
11.014030
12.134460
11.913997
12.043859
12.315661
12.457602
12.403241
12.342840
12.379082
12.373041
10.168423
10.065742
10.074802
10.068762
10.147283
12.409281
12.551222
10.098963
12.599543
10.249964
10.011382
12.391161
12.336801
10.014402
10.029502
10.231844
10.114062
10.053661
12.415321
12.333781
10.035542
12.518003
10.168423
10.117083
12.421362
10.011382
12.397202
10.014401
10.174463
10.177483
10.077822
12.412302
12.478742
12.345861
10.041582
10.150303
10.108023
10.050642
12.345861
12.360962
12.379082
10.035542
10.135202
10.059702
10.014402
12.348881
12.373041
10.020441
10.080842
10.068763
10.092922
12.427402
10.011381
12.324720
12.493842
10.014401
10.065742
10.108023
10.041582
12.321701
12.388141
12.357941
10.108023
10.147283
10.089903
10.020442
12.237141
12.457603
12.357942
10.165403
10.053662
10.026482
12.490822
12.303580
12.433441
10.014401
10.108023
10.062723
10.005342
12.357941
12.336800
12.505922
10.038563
10.150303
10.062722
12.448542
12.442502
12.336801
12.587463
10.065742
10.014401
10.044601
12.370021
12.345860
12.427401
12.445521
10.114063
10.014402
12.499882
12.321701
12.376061
12.400221
10.105002
10.062723
10.101982
12.327741
12.511961
12.282440
10.071782
10.171443
10.249964
12.388142
10.041582
10.011381
12.288480
10.132183
10.089903
10.171443
12.484782
12.333780
12.475722
10.044601
12.557262
10.159363
10.111042
12.439482
12.412302
12.403242
10.014401
10.168423
10.147283
10.044602
12.457602
10.044602
12.333781
10.141243
10.089902
10.062722
10.114062
12.451562
12.345861
12.382102
10.059703
10.065742
10.041582
10.020441
12.385121
12.240160
10.002321
10.014402
10.147284
10.165403
12.418341
12.454581
12.318680
10.029502
10.098963
10.162383
10.020442
10.111043
12.339821
12.400221
12.508943
10.080843
10.141243
10.017422
10.041582
12.273380
12.385122
12.499882
10.089903
10.059702
12.439482
12.342840
12.360961
10.008362
12.397201
10.108023
10.098962
12.505922
12.258280
12.445521
12.481761
10.062722
10.095942
10.020441
12.367001
12.400222
12.436462
12.463642
10.074802
10.095942
10.029502
12.360962
12.412301
12.466662
10.023461
10.165403
10.062722
12.530082
12.354921
12.505922
12.469682
10.141243
10.114063
10.005342
12.376061
12.406260
12.430422
12.548203
10.138223
10.038563
10.068762
12.279421
12.451561
10.047622
10.092922
10.141243
10.098963
10.132183
12.252240
12.575383
10.083862
10.047623
10.095942
10.159363
10.035542
12.303581
12.487803
10.068762
10.083862
10.098963
10.059702
12.430422
12.312641
12.457602
10.062722
10.092923
10.041582
10.177484
12.345861
12.436461
12.427402
10.074802
10.098963
10.132183
12.427402
12.451562
12.345861
10.002321
10.180504
10.123122
10.059702
12.487801
12.273379
12.406261
10.092922
10.080843
10.101982
10.120103
12.445521
12.246201
10.008363
12.448542
10.144262
10.089903
10.056682
12.360961
12.294521
12.496862
10.132183
10.026482
10.068762
10.062722
12.360961
12.391161
12.430422
12.542162
10.044602
10.074802
12.451562
12.339821
12.336801
10.129162
10.192583
10.095943
12.457603
10.011382
12.345861
12.557262
10.189563
10.089902
10.101982
10.098963
12.415321
12.315661
10.011382
10.108023
10.083862
10.008362
10.065742
12.348881
12.294521
12.430421
10.129162
10.132183
12.406261
10.008362
12.388142
12.348881
10.092922
10.111043
10.005342
10.080842
10.017422
12.282440
12.424382
10.023462
10.111042
10.132183
12.530083
12.376061
12.303580
12.394182
10.050642
10.117083
10.089902
12.421362
12.433441
12.279420
10.141243
10.132183
10.219764
10.044602
10.092922
10.050642
10.174463
10.038562
10.038562
10.074802
12.367002
10.159363
12.406261
12.246201
12.200900
12.309621
12.246201
11.820377
10.029502
11.183151
12.264320
11.328113
10.941549
10.515726
11.355292
10.956650
11.460994
11.575755
11.992517
12.294520
12.376061
10.298285
10.283184
10.180503
10.008362
10.077822
10.243923
10.407004
10.298284
10.141243
10.307343
10.216743
10.108023
10.234863
10.328484
10.168423
10.340565
10.186543
10.071783
10.243924
10.123123
10.222783
12.209960
12.173719
10.105003
10.083862
10.062722
12.357942
12.527061
10.077823
10.183523
10.201643
10.195603
10.086882
12.367002
10.219763
10.256004
12.560283
12.394181
12.373041
12.312640
12.569343
10.095943
10.023462
10.062722
12.363981
12.421362
12.397202
11.762996
12.318682
11.137851
12.693165
12.279421
12.490822
10.071783
10.189563
10.123123
10.029502
10.083862
10.002321
10.165403
10.177483
10.195603
10.156343
12.530083
10.023462
10.011382
10.068762
10.053661
10.237884
10.180503
10.144262
12.433441
12.463642
10.089902
10.114062
10.228825
10.071782
10.120103
12.382101
12.448542
10.071782
10.114062
10.059702
10.222783
12.460623
12.430422
12.460622
12.626723
10.147284
10.020442
10.120103
12.433441
12.273380
12.587463
12.421362
10.204663
10.077823
10.065742
12.309621
12.348881
10.053662
10.086883
10.123123
12.623704
12.397202
12.297540
12.397202
10.095942
10.095942
10.026482
10.210703
10.002322
12.315660
12.448541
10.017422
10.108023
10.120103
12.499882
12.357941
12.237141
12.587461
10.201643
10.041582
12.493842
10.114062
12.267341
12.454581
10.032522
10.089903
12.590484
10.120103
12.240160
12.451561
12.348882
10.092922
10.108023
10.053662
12.388141
10.020442
12.273379
12.518003
10.032522
12.590483
10.053662
12.203919
10.089903
12.397202
10.071783
10.120103
10.077822
10.144262
12.367002
12.490822
12.303581
10.092922
10.162382
10.135202
12.566322
12.294521
12.394181
12.351901
10.059702
10.168424
10.334524
12.131439
12.653903
12.234120
10.062722
10.138224
10.147284
10.050642
12.403240
12.209960
12.463641
10.053662
10.108023
12.391162
10.020442
12.542162
12.188819
10.280165
10.083863
10.071782
10.041582
10.032522
12.439482
12.348882
12.505922
10.089902
12.554242
10.068762
12.367001
12.385121
12.397201
12.518002
10.153323
12.173719
12.137479
12.276401
10.174463
10.077823
10.029501
10.216743
10.126143
12.267341
10.014401
10.050642
10.035542
10.280164
10.123122
10.207684
12.261300
12.345861
12.548203
12.466661
10.095942
10.105002
10.041582
10.038563
12.487803
12.436461
10.092922
10.159363
10.171444
10.017422
12.442502
12.324721
12.225060
10.053662
10.077823
10.132183
10.086883
12.191839
10.014401
12.255260
10.017422
10.222783
10.111043
10.132183
12.445522
12.300561
12.436461
10.111043
10.156343
10.074802
10.002322
12.442502
12.240161
12.373041
12.572363
10.153323
10.023462
12.297541
12.357941
12.333780
12.439482
10.150303
10.117083
10.035542
12.336801
12.261301
12.524042
12.493842
10.174463
10.135203
10.080843
12.297541
12.681084
12.363981
10.246943
10.105002
10.177483
12.300561
12.511962
12.397202
10.138223
10.129163
10.111042
10.017422
12.367002
12.291500
12.502902
12.457603
10.268084
10.098962
12.354921
12.318681
10.089903
12.403241
10.138223
10.047623
10.050642
12.511963
12.478743
10.204663
12.370022
10.068762
10.189564
12.357941
12.484781
12.406261
12.342841
10.059702
10.105002
10.011382
12.454582
12.228081
12.376061
12.454582
10.065742
10.168424
10.105002
12.237140
12.481762
10.005342
10.129164
10.159363
10.098963
10.077823
12.505922
12.273380
10.274124
10.419085
12.415321
10.002322
12.508942
12.231100
12.490822
12.219020
10.014401
10.095942
10.111043
12.394181
12.518003
12.475722
12.454582
12.086139
11.977419
12.312641
11.563674
11.675415
10.210704
11.041210
11.750916
10.422105
10.162383
12.684103
10.159363
11.116711
10.074802
10.893229
10.739208
11.599915
12.312641
10.533846
11.107651
12.675043
10.286204
10.983829
10.542906
10.657667
11.014030
11.285831
11.183151
11.222412
11.297913
11.255632
11.485153
11.512334
11.125772
11.101610
11.183151
11.113690
10.944570
10.835849
10.790548
10.591227
10.561026
10.391905
10.518746
10.588206
10.256003
10.035542
10.053661
10.760348
12.146539
11.527433
12.418342
11.838496
11.611996
12.508943
10.902288
11.011010
11.095571
11.412674
12.225060
10.382845
10.394925
10.479486
10.391905
10.352645
10.944570
11.261672
10.956650
11.162012
10.844909
10.965710
10.878130
10.817728
10.917390
10.989870
11.011009
10.941549
10.687867
10.724107
10.760348
10.820749
10.763368
10.850949
10.784508
10.554987
10.539886
10.669747
10.295264
10.458345
10.428145
10.337544
10.479486
10.422106
10.452305
10.322444
10.319424
10.262045
10.210704
10.114062
10.035542
10.017422
10.252984
10.065742
10.138223
10.068763
12.542163
10.068762
10.041582
10.008362
10.068762
10.123123
12.463642
10.292244
10.237884
10.071782
10.008362
10.068762
10.165403
10.108023
12.521023
10.077823
10.080842
10.168423
10.138223
10.301304
10.268084
10.056683
11.599915
11.660316
10.633507
10.201643
12.662963
10.373785
10.026483
10.150303
10.053662
10.207684
10.256004
10.262044
10.394925
10.337544
10.265064
12.451562
10.228823
10.422106
10.304324
12.518003
10.135203
10.038562
10.298284
12.460622
12.409282
12.394182
10.334524
10.017422
12.382101
12.508943
12.309621
12.581423
10.150303
10.189564
10.035542
10.071782
10.053662
10.077822
10.062721
10.165403
10.195603
10.162382
10.105002
10.002321
10.108023
10.144262
10.222784
12.451562
10.074802
10.071782
12.493841
10.008362
12.194860
12.439482
10.277143
12.297541
12.288481
12.475721
11.566694
10.923430
10.594246
11.790176
12.212980
12.110300
12.336801
10.108023
12.608603
10.437205
10.346604
10.274124
10.289224
10.262044
10.286203
10.252984
10.388885
10.467405
10.464386
10.246943
10.256003
10.180504
10.038562
10.340565
10.289224
10.174463
10.219764
10.252983
10.171443
10.249964
12.548203
12.363981
10.138223
10.219763
10.068762
10.077822
10.132183
10.141243
10.086883
10.032522
12.463642
10.002322
10.032522
10.120102
12.514982
10.265064
10.114063
12.427402
10.002321
10.071782
12.436461
10.080843
10.056682
10.035542
10.062722
10.147283
10.068762
10.068762
12.484782
12.442501
10.123122
12.330761
10.123123
12.445521
10.035542
10.156343
10.074802
10.041582
11.379453
10.120103
10.941549
11.675416
11.811316
12.258280
12.188821
10.053661
12.388142
10.062722
10.231844
10.419086
10.364724
10.370765
10.277143
10.150303
10.316404
10.434185
10.394924
10.307344
10.147283
10.219764
10.168423
10.325464
10.177484
10.026482
10.165403
10.026482
12.333781
12.040838
10.080843
10.766388
11.923058
11.799236
11.467033
11.433813
11.340193
11.273752
10.573107
11.152951
11.243552
11.551594
12.179759
10.204663
11.808296
12.382101
10.095942
10.512707
10.624447
10.793568
10.856989
10.866050
10.793569
10.829808
10.926449
10.878129
10.944569
10.766388
10.675787
10.518745
10.684848
10.669747
10.736188
10.567066
10.416064
10.476465
10.289225
10.470425
10.476465
10.539886
10.476465
10.313384
10.325464
10.174462
10.322445
10.346604
10.428145
10.331505
10.307344
10.108023
10.068763
10.262044
10.295263
10.277144
10.216743
10.289225
10.222784
10.092922
10.017422
10.349625
10.277144
10.240904
10.265064
10.252983
10.026482
10.231844
10.071782
10.059702
12.478742
10.114063
12.436461
12.593503
12.261299
12.300560
12.297541
10.243924
12.454582
10.171443
11.497234
10.171444
11.772057
11.237512
11.669375
11.889836
12.379081
10.201643
10.153322
10.322444
10.231844
10.138223
12.545183
10.026482
10.059702
10.222784
10.331504
10.256004
10.156343
10.168424
10.032522
12.457603
10.120102
10.156343
10.262044
10.150303
10.129163
10.041582
12.430422
10.038563
10.156343
10.165402
10.204663
10.123123
10.038562
12.418343
12.448543
10.141243
10.105002
10.153323
10.005342
10.132183
12.342841
10.123123
10.123123
10.135202
10.216743
10.216743
10.002321
10.005342
12.487801
10.065742
10.108023
10.265064
10.138223
10.008362
12.548203
10.361704
10.114062
10.041582
12.315660
12.493842
10.020442
10.017422
12.264319
12.222040
10.041582
12.273380
11.983458
12.261300
11.204291
11.521394
11.992517
11.313013
10.554986
11.047251
10.530826
11.270733
12.077080
11.403614
11.599916
10.286204
12.167681
10.047622
10.180503
10.080842
10.256004
10.470425
10.721087
10.558006
10.606327
10.434185
10.349625
10.428144
10.576126
10.461365
10.491566
10.464385
10.397944
10.295264
10.337544
10.355665
10.473446
10.434185
10.292244
10.231844
10.204663
10.144263
10.301304
10.316404
10.307344
10.186543
10.111042
10.150303
10.126143
10.086884
10.213724
10.216743
10.295264
10.138223
12.439482
10.065742
10.195603
10.117083
10.180503
10.256004
10.114062
10.138223
10.059702
10.044602
10.262043
10.225804
10.213723
10.189563
10.210703
10.053662
10.011381
10.047623
12.279420
12.460622
12.415321
10.092922
12.161640
12.128419
12.357942
10.050642
12.212979
11.605955
10.159363
11.204291
11.288853
11.032150
11.817357
11.485153
12.430421
12.367001
10.065742
10.026482
10.195603
10.319424
10.008362
10.038562
10.117083
10.147284
10.213724
10.277143
10.210704
10.144262
10.044601
12.391161
10.059702
10.210704
10.210703
10.228824
10.144262
12.502903
12.403241
10.023462
10.183523
10.204663
10.174463
10.168423
12.508943
12.348881
10.008362
10.198624
10.213724
10.062722
12.681085
12.388141
10.132183
12.412302
10.268084
10.141243
10.228823
10.105002
10.050642
12.400222
12.542162
10.123123
10.156343
10.114063
10.053662
12.370020
10.548946
10.056683
10.050642
12.382101
12.330761
10.065742
10.095942
12.336801
12.228080
12.324720
12.327742
11.841517
12.415321
10.751287
11.895878
11.868696
11.433813
10.775448
10.669747
10.860009
10.690887
10.693908
10.564047
10.585186
12.306601
12.294520
10.017422
10.171443
10.636526
10.799608
10.805649
10.989870
11.095570
10.998930
10.799608
10.932489
10.968729
10.989870
11.001950
10.715048
10.751287
10.705988
10.721087
10.681828
10.675787
10.672768
10.693907
10.458345
10.334524
10.503646
10.527806
10.558006
10.509686
10.391905
10.325464
10.186543
10.265064
10.370765
10.509686
10.319425
10.298285
10.183523
10.050643
10.234863
10.337544
10.355664
10.277143
10.259024
10.126143
10.129162
10.216743
10.204663
10.259024
10.292244
10.325464
10.283184
10.159364
12.554243
10.074802
10.101982
12.376061
10.020441
10.011382
12.394181
12.179760
12.040839
12.382101
12.228079
10.733168
11.992517
11.518373
12.098219
11.690516
11.847557
11.759977
10.038562
12.484781
10.216743
10.111043
10.271104
10.183523
10.117083
10.038562
10.035542
10.105002
10.174463
10.159363
10.301305
10.204663
10.114062
12.430422
12.436461
10.105003
10.159363
10.277143
10.156343
10.147283
12.490822
12.439482
10.092922
10.219764
10.240904
10.156343
10.198624
12.505922
12.427401
10.108023
10.189564
10.198624
10.120103
10.171443
12.448541
12.581423
10.044602
10.316404
10.271104
10.174463
10.029503
10.014401
12.327741
10.135203
10.092922
10.186543
10.123123
10.050642
12.367001
10.403985
10.117083
10.032522
12.376061
12.321700
10.156343
10.059702
12.219020
12.089159
10.385865
12.388142
12.324720
12.131439
12.206940
12.264320
12.551222
12.460621
10.159363
10.044602
10.050642
12.418342
12.533102
10.141243
10.141243
10.023462
10.135203
12.367001
12.385120
10.114062
10.147283
10.098963
10.050642
10.092922
12.376060
10.156343
10.092922
10.237884
10.077822
12.490822
10.023461
10.183523
12.460622
12.267342
12.203919
10.624447
10.017422
12.197880
12.043859
10.811688
11.279791
11.932117
12.309621
12.098219
12.385121
12.052918
10.195603
10.195604
10.271104
10.467405
10.373784
10.485526
10.452306
10.394924
10.763368
10.458345
10.035542
12.548203
10.044602
12.309620
10.551967
10.268084
10.240904
10.397945
10.228824
10.071782
10.014401
10.316404
10.458345
10.446266
10.325464
10.150303
10.159363
10.153322
10.198624
10.207684
10.322445
10.259024
10.177484
10.177484
12.433441
10.035542
10.192583
10.274124
10.231844
10.138223
10.023462
12.484781
12.448542
10.105003
10.180504
10.249964
10.044602
10.014401
12.463642
10.038563
10.047622
10.222784
10.262044
10.189564
10.186543
12.231100
12.548203
10.101982
10.074801
10.225803
10.159363
10.056682
12.288481
12.357941
12.632763
10.117083
10.180504
10.059702
12.270360
12.536122
12.288481
10.183523
10.168424
10.141243
10.138223
12.415321
12.409282
12.478743
10.068762
10.141243
10.105002
12.430422
12.285460
12.354921
12.521022
10.141243
10.156343
10.032522
10.005342
12.445522
10.195603
10.189564
12.412302
12.490822
12.294520
10.053662
10.053662
12.493842
12.357942
10.035542
12.433441
10.101982
10.141243
10.098963
10.062723
12.385122
12.203919
10.074802
10.111042
10.153322
10.080842
12.409281
12.409281
12.285461
10.089902
10.225803
10.038562
10.002321
12.442502
12.351900
10.086883
10.086883
10.020442
10.008362
10.005342
12.415320
12.348882
10.035542
10.135203
10.086883
12.521023
12.457602
12.297541
12.424381
10.071782
10.098963
10.050642
10.056683
12.243179
12.490823
12.409282
10.014402
10.144263
10.014401
12.318681
12.394181
12.345860
12.448542
10.053661
10.071782
12.472701
12.249220
12.424381
12.363981
10.180503
10.114063
10.005342
12.333780
12.370021
12.442501
10.095942
10.095942
10.053662
12.478743
12.300561
12.409281
10.108023
10.132183
10.126143
10.020442
10.008362
12.327742
12.469682
10.114063
10.056683
10.174463
10.089903
12.421362
12.333780
10.014401
10.135203
10.095942
10.062722
10.059702
12.412302
12.288480
10.002322
10.165402
10.077823
10.044601
12.605584
12.400222
12.421362
10.059702
10.080843
10.289225
10.047623
10.053662
12.249221
12.415321
12.493842
10.256004
12.442502
10.053662
12.327741
12.418341
12.333781
12.475722
10.183523
10.011382
12.360962
12.203920
12.363981
12.406261
10.144263
10.080842
10.059702
12.209960
12.533103
12.279421
10.204663
10.180503
10.120103
12.442501
12.321701
12.351901
10.038563
10.098963
10.165402
10.132183
12.409282
12.225060
12.508943
10.026482
10.256004
10.083862
10.065742
12.394182
12.306601
12.463641
10.059702
10.123123
10.153323
12.418342
12.376060
12.288480
10.026482
10.062722
10.174463
10.117083
12.303581
12.294520
12.409282
12.484782
10.144262
10.144263
10.005342
12.288481
12.348881
12.478742
10.017422
10.120103
10.132183
10.062722
12.225060
12.469682
10.156343
10.141243
10.171443
10.105002
10.068762
12.249221
12.460622
12.466661
10.053662
10.174463
10.114063
12.388142
12.333780
12.448542
10.014401
10.080843
10.135202
10.074802
12.336802
12.300561
12.487803
10.026482
10.228825
10.056683
10.065742
12.276400
12.385121
10.047623
10.080843
10.186543
10.056682
10.053662
12.376061
12.354920
10.047622
10.005342
10.098963
10.092922
10.089902
12.270359
12.490823
10.059703
10.035542
10.228824
10.108023
12.403241
12.430422
12.451561
10.101982
10.065742
10.108023
10.023462
12.348881
12.454581
12.409282
10.086883
10.108023
10.020442
12.376060
12.448542
12.382101
10.074802
10.132183
10.008362
10.050642
12.225060
12.472702
10.023461
10.035542
10.059703
10.044602
12.354921
12.397202
10.083862
10.098963
10.204663
10.020443
12.376061
12.388141
12.342840
10.074802
10.089903
10.005342
10.047623
12.433441
12.176740
10.014401
10.117083
10.189564
10.098962
10.044601
12.303580
12.403241
10.002321
10.062722
10.083862
10.062722
12.448542
12.330761
12.388141
10.077822
10.126143
10.114062
10.002321
12.403241
12.436462
10.050642
10.105002
10.111043
10.005342
12.442501
12.424381
10.038562
12.514982
10.123122
12.415321
12.370021
12.288480
10.023461
10.092922
10.068762
10.089902
12.397202
12.267340
12.539142
10.026482
10.192583
10.098963
12.475721
12.225060
12.451561
12.511963
10.147284
10.192583
12.406261
12.309621
12.345861
12.545182
10.074802
10.201644
10.023461
12.315660
12.367001
12.475722
10.032522
10.129163
10.032522
12.587463
12.203920
12.614642
10.080842
10.098963
10.029502
10.050642
12.385120
12.412302
10.017422
10.156343
10.038563
12.587462
12.267340
12.527062
10.089903
10.195603
10.162383
10.147284
10.002321
10.156343
10.171444
12.370021
12.294520
10.014402
10.376804
11.880777
11.587834
12.379082
12.300560
11.563675
11.110670
12.551223
10.606326
10.370765
11.406633
10.938530
12.530083
10.802629
10.485526
12.333780
11.729776
11.152950
10.428144
11.599915
10.234863
11.007990
11.092550
10.705987
11.838496
10.890209
11.630116
12.433441
10.171443
10.171443
10.256004
10.331505
10.352645
10.473446
10.153323
10.086883
10.307344
10.558006
11.977417
12.228081
12.394182
10.730148
10.322444
11.618034
11.288853
12.536122
11.696556
11.041210
11.331133
13.049526
11.917017
12.294520
10.292244
10.407005
10.449286
10.491566
10.712028
10.823769
10.325464
10.422106
10.373785
10.325464
10.403985
10.440226
10.120102
12.463642
10.334524
10.144262
12.101239
12.439482
10.147284
10.485526
10.449286
12.919665
11.358313
10.781488
11.696556
10.204663
10.829808
10.826788
10.554987
11.270733
10.890209
10.793568
11.657295
12.339820
10.340565
10.035542
12.430421
10.171443
12.527062
10.092923
10.316404
10.234863
12.388142
10.138223
10.274124
10.252983
10.201643
11.986478
12.225060
10.180503
11.177112
10.180503
11.309992
11.705615
11.871716
11.895878
11.753936
12.475721
10.089903
10.307344
10.319424
10.437205
10.358685
10.769408
10.455326
10.298285
10.322445
10.234864
10.319425
10.367744
10.041582
10.047622
10.047622
10.147284
12.360961
12.385121
12.427402
10.044601
12.194860
10.053662
11.261672
12.071039
11.180132
10.053662
10.908329
10.971749
10.074801
10.256004
11.134830
11.708635
12.309622
12.119359
10.068762
10.011381
10.240904
10.449286
10.231844
10.382845
10.352644
10.150303
10.216743
10.458345
10.355664
10.210703
10.162383
10.171444
10.265064
10.068762
10.201643
10.147284
10.225803
10.313384
10.265064
10.334524
10.340565
10.192583
10.289224
10.071782
12.505922
10.231844
10.262044
10.295264
10.192584
10.249964
10.108023
12.487802
10.304325
10.114062
10.126143
10.135202
10.177483
10.056682
10.108023
10.035542
10.292244
10.271105
10.132183
10.080843
10.044602
10.111042
10.177483
10.177484
10.216743
10.077823
10.129164
10.114063
12.454582
12.345860
10.292244
12.427402
10.098963
12.415321
12.357942
12.379082
12.569344
10.083862
12.490823
12.454581
12.433442
10.005342
10.138223
10.165403
10.026482
10.056683
10.080842
12.490822
12.536122
10.050642
10.011382
10.105002
10.126143
10.092922
12.551223
12.191839
12.566322
12.472703
10.032522
10.123123
10.129163
12.421362
10.023462
10.050642
10.020442
10.002322
12.403241
10.041582
12.327741
12.466661
10.050642
10.111042
10.035542
12.457602
12.502903
12.445521
12.406261
10.111042
10.032522
10.120103
10.141243
12.406261
12.318681
12.312641
10.074802
12.436462
10.210703
10.105002
12.339821
12.669003
10.014402
12.451562
10.041582
12.222040
10.011381
12.521023
10.011382
12.415321
10.086882
12.457602
12.460623
12.279420
12.439482
10.020442
10.092922
10.014401
10.026482
12.333781
12.409281
10.141243
10.029502
10.132182
10.047623
10.047622
10.011381
12.312641
12.430421
10.005342
12.391161
10.044602
10.089903
12.391161
10.014402
12.231100
12.318680
12.427402
10.008362
10.050642
10.068763
12.312640
12.312640
12.354921
12.490822
12.490822
10.092923
10.005342
12.499882
12.273380
12.348881
10.047622
10.065742
10.080842
10.095942
10.089903
10.050642
12.228080
12.415321
10.023462
10.123122
10.068762
10.056683
10.098963
12.457602
12.409282
12.367001
10.053662
10.035542
10.153323
10.083862
10.168423
12.403241
12.297541
10.014402
10.014402
10.035542
10.126143
10.056682
12.385122
12.360961
12.300561
12.424382
10.083862
10.056682
10.062722
12.373041
12.421362
12.291500
10.020442
12.545183
10.062722
10.050643
10.059702
12.466662
12.412301
12.333781
12.478742
10.144263
10.126143
10.168423
10.071782
10.068762
10.077823
10.141243
10.204663
10.174463
10.065742
12.339821
10.074802
10.077823
12.415321
12.267340
12.502903
10.180503
12.240160
12.194860
12.276400
12.270360
10.032522
10.132183
10.032522
10.008362
12.490823
10.095942
10.077823
10.035542
11.986477
12.357941
10.956649
10.141243
12.258281
12.457602
10.077822
12.475722
10.026482
10.156343
10.195603
10.243924
10.416065
10.192584
10.237884
10.153323
12.436461
10.192583
10.192583
10.198624
10.216743
10.168424
10.177483
12.415321
10.059703
10.165403
10.207684
10.243923
10.086883
10.120103
12.424381
12.499882
10.150303
10.195603
10.186543
10.047622
10.062723
12.285460
12.445522
10.177484
10.074802
10.183523
10.029502
12.524042
12.225060
12.560282
10.101983
10.126143
10.098963
10.105002
10.050642
12.469681
10.189563
10.138224
10.234863
10.189564
10.056683
12.442502
10.120103
10.129162
12.418341
12.158620
10.083862
10.576126
12.276401
12.040839
12.176740
12.403241
12.333781
10.041582
12.276401
12.333780
10.035542
10.092922
12.539143
10.083862
10.132183
10.077823
12.424381
12.451561
10.144263
10.068763
10.132183
10.038563
10.059702
10.023462
12.442502
12.521023
12.442502
10.216743
10.080843
10.174463
10.017422
12.354920
10.047623
12.351900
10.053662
10.231844
10.147284
12.518003
12.324720
12.451562
10.098963
10.035542
10.023461
12.367002
12.385121
10.041582
10.126143
10.074802
12.466662
12.382101
12.300560
10.011382
10.074802
12.611624
12.367001
12.252239
10.047623
10.026482
10.038563
10.035542
12.360962
12.376061
10.071783
10.005342
10.174462
10.083862
10.126143
12.357941
12.379081
10.123123
10.092922
10.035542
10.065742
10.050642
12.487803
12.370022
12.376060
10.080843
10.023461
10.095942
10.077823
10.005342
12.445521
12.403241
12.466662
10.056683
10.080843
10.123123
10.162383
12.403242
12.318681
12.397202
12.508943
10.044601
10.165403
10.053663
12.327742
12.391162
10.065742
12.478742
10.041582
10.005342
12.385120
12.514982
12.430421
10.246943
12.412301
12.354920
12.336801
10.111042
10.053662
10.059702
12.469683
12.279421
12.445521
12.542162
12.521023
10.035542
12.442503
12.427402
12.487803
10.074802
10.114062
10.038562
10.105002
12.463642
12.303581
12.469682
10.038562
10.074802
10.117083
10.050642
12.430422
12.367001
12.388141
12.442502
10.041581
10.023462
10.026483
10.077822
12.406261
12.379082
10.041582
10.029502
10.123123
10.150303
10.053662
12.421361
12.324720
12.542164
10.098963
10.123122
10.017422
12.367002
12.348881
12.502901
10.056683
10.032522
12.415321
12.490822
10.035542
12.499883
10.177483
12.330761
10.065742
12.388141
10.068762
10.105003
10.105002
10.071782
12.433441
10.017422
12.264319
10.249964
10.095942
10.114063
10.041582
12.427402
12.433442
12.406261
12.551223
10.135202
10.050642
10.056683
12.445522
12.448543
12.270359
10.077823
10.117083
10.111043
10.032522
10.153323
12.581423
12.252241
12.518003
12.533102
10.183523
12.351901
12.385120
12.255260
10.108023
10.207684
10.047623
12.430422
12.412301
12.291500
10.038562
10.098963
10.135202
10.180503
12.336801
12.225060
12.345860
10.026482
10.029502
10.108023
10.056683
12.324720
12.176739
12.454582
12.445521
10.120103
10.156343
12.382101
12.336801
12.285460
12.587462
10.050642
10.074802
10.062722
12.409282
12.264320
12.518003
12.442502
10.168423
10.132183
10.050642
12.197880
12.578403
0.000000
0.000000
0.000000
0.000000
0.000000
0.000000
0.000000
0.000000
0.000000
0.000000
0.000000
0.000000
0.000000
0.000000
0.000000
0.000000
0.000000
0.000000
0.000000
0.000000
0.000000
0.000000
0.000000
0.000000
0.000000
0.000000
0.000000
0.000000
0.000000
0.000000
0.000000
0.000000
0.000000
0.000000
0.000000
0.000000
0.000000
0.000000
0.000000
0.000000
0.000000
0.000000
0.000000
0.000000
0.000000
0.000000
0.000000
0.000000
0.000000
0.000000
0.000000
0.000000
0.000000
0.000000
0.000000
0.000000
0.000000
0.000000
0.000000
0.000000
0.000000
0.000000
0.000000
0.000000
0.000000
0.000000
0.000000
0.000000
0.000000
0.000000
0.000000
0.000000
0.000000
0.000000
0.000000
0.000000
0.000000
0.000000
0.000000
0.000000
0.000000
0.000000
0.000000
0.000000
0.000000
0.000000
0.000000
0.000000
0.000000
0.000000
0.000000
0.000000
0.000000
0.000000
0.000000
0.000000
0.000000
0.000000
0.000000
0.000000
0.000000
0.000000
0.000000
0.000000
0.000000
0.000000
0.000000
0.000000
0.000000
0.000000
0.000000
0.000000
0.000000
0.000000
0.000000
0.000000
0.000000
0.000000
0.000000
0.000000
0.000000
0.000000
0.000000
0.000000
0.000000
0.000000
0.000000
0.000000
0.000000
0.000000
0.000000
0.000000
0.000000
0.000000
0.000000
0.000000
0.000000
0.000000
0.000000
0.000000
0.000000
0.000000
0.000000
0.000000
0.000000
0.000000
0.000000
0.000000
0.000000
0.000000
0.000000
0.000000
0.000000
0.000000
0.000000
0.000000
0.000000
0.000000
0.000000
0.000000
0.000000
0.000000
0.000000
0.000000
0.000000
0.000000
0.000000
0.000000
0.000000
0.000000
0.000000
0.000000
0.000000
0.000000
0.000000
0.000000
0.000000
0.000000
0.000000
0.000000
0.000000
0.000000
0.000000
0.000000
0.000000
0.000000
0.000000
0.000000
0.000000
0.000000
0.000000
0.000000
0.000000
0.000000
0.000000
0.000000
0.000000
0.000000
0.000000
0.000000
0.000000
0.000000
0.000000
0.000000
0.000000
0.000000
0.000000
0.000000
0.000000
0.000000
0.000000
0.000000
0.000000
0.000000
0.000000
0.000000
0.000000
0.000000
0.000000
0.000000
0.000000
0.000000
0.000000
0.000000
0.000000
0.000000
0.000000
0.000000
0.000000
0.000000
0.000000
0.000000
0.000000
0.000000
0.000000
0.000000
0.000000
0.000000
0.000000
0.000000
0.000000
0.000000
0.000000
0.000000
0.000000
0.000000
0.000000
0.000000
0.000000
0.000000
0.000000
0.000000
0.000000
0.000000
0.000000
0.000000
0.000000
0.000000
0.000000
0.000000
0.000000
0.000000
0.000000
0.000000
0.000000
0.000000
0.000000
0.000000
0.000000
0.000000
0.000000
0.000000
0.000000
0.000000
0.000000
0.000000
0.000000
0.000000
0.000000
0.000000
0.000000
0.000000
0.000000
0.000000
0.000000
0.000000
0.000000
0.000000
0.000000
0.000000
0.000000
0.000000
0.000000
0.000000
0.000000
0.000000
0.000000
0.000000
0.000000
0.000000
0.000000
0.000000
0.000000
0.000000
0.000000
0.000000
0.000000
0.000000
0.000000
0.000000
0.000000
0.000000
0.000000
0.000000
0.000000
0.000000
0.000000
0.000000
0.000000
0.000000
0.000000
0.000000
0.000000
0.000000
0.000000
0.000000
0.000000
0.000000
0.000000
0.000000
0.000000
0.000000
0.000000
0.000000
0.000000
0.000000
0.000000
0.000000
0.000000
0.000000
0.000000
0.000000
0.000000
0.000000
0.000000
0.000000
0.000000
0.000000
0.000000
0.000000
0.000000
0.000000
0.000000
0.000000
0.000000
0.000000
0.000000
0.000000
0.000000
0.000000
0.000000
0.000000
0.000000
0.000000
0.000000
0.000000
0.000000
0.000000
0.000000
0.000000
0.000000
0.000000
0.000000
0.000000
0.000000
0.000000
0.000000
0.000000
0.000000
0.000000
0.000000
0.000000
0.000000
0.000000
0.000000
0.000000
0.000000
0.000000
0.000000
0.000000
0.000000
0.000000
0.000000
0.000000
0.000000
0.000000
0.000000
0.000000
0.000000
0.000000
0.000000
0.000000
0.000000
0.000000
0.000000
0.000000
0.000000
0.000000
0.000000
0.000000
0.000000
0.000000
0.000000
0.000000
0.000000
0.000000
0.000000
0.000000
0.000000
0.000000
0.000000
0.000000
0.000000
0.000000
0.000000
0.000000
0.000000
0.000000
0.000000
0.000000
0.000000
0.000000
0.000000
0.000000
0.000000
0.000000
0.000000
0.000000
0.000000
0.000000
0.000000
0.000000
0.000000
0.000000
0.000000
0.000000
0.000000
0.000000
0.000000
0.000000
0.000000
0.000000
0.000000
0.000000
0.000000
0.000000
0.000000
0.000000
0.000000
0.000000
0.000000
0.000000
0.000000
0.000000
0.000000
0.000000
0.000000
0.000000
0.000000
0.000000
0.000000
0.000000
0.000000
0.000000
0.000000
0.000000
0.000000
0.000000
0.000000
0.000000
0.000000
0.000000
0.000000
0.000000
0.000000
0.000000
0.000000
0.000000
0.000000
0.000000
0.000000
0.000000
0.000000
0.000000
0.000000
0.000000
0.000000
0.000000
0.000000
0.000000
0.000000
0.000000
0.000000
0.000000
0.000000
0.000000
0.000000
0.000000
0.000000
0.000000
0.000000
0.000000
0.000000
0.000000
0.000000
0.000000
0.000000
0.000000
0.000000
0.000000
0.000000
0.000000
0.000000
0.000000
0.000000
0.000000
0.000000
0.000000
0.000000
0.000000
0.000000
0.000000
0.000000
0.000000
0.000000
0.000000
0.000000
0.000000
0.000000
0.000000
0.000000
0.000000
0.000000
0.000000
0.000000
0.000000
0.000000
0.000000
0.000000
0.000000
0.000000
0.000000
0.000000
0.000000
0.000000
0.000000
0.000000
0.000000
0.000000
0.000000
0.000000
0.000000
0.000000
0.000000
0.000000
0.000000
0.000000
0.000000
0.000000
0.000000
0.000000
0.000000
0.000000
0.000000
0.000000
0.000000
0.000000
0.000000
0.000000
0.000000
0.000000
0.000000
0.000000
0.000000
0.000000
0.000000
0.000000
0.000000
0.000000
0.000000
0.000000
0.000000
0.000000
0.000000
0.000000
0.000000
0.000000
0.000000
0.000000
0.000000
0.000000
0.000000
0.000000
0.000000
0.000000
0.000000
0.000000
0.000000
0.000000
0.000000
0.000000
0.000000
0.000000
0.000000
0.000000
0.000000
0.000000
0.000000
0.000000
0.000000
0.000000
0.000000
0.000000
0.000000
0.000000
0.000000
0.000000
0.000000
0.000000
0.000000
0.000000
0.000000
0.000000
0.000000
0.000000
0.000000
0.000000
0.000000
0.000000
0.000000
0.000000
0.000000
0.000000
0.000000
0.000000
0.000000
0.000000
0.000000
0.000000
0.000000
0.000000
0.000000
0.000000
0.000000
0.000000
0.000000
0.000000
0.000000
0.000000
0.000000
0.000000
0.000000
0.000000
0.000000
0.000000
0.000000
0.000000
0.000000
0.000000
0.000000
0.000000
0.000000
0.000000
0.000000
0.000000
0.000000
0.000000
0.000000
0.000000
0.000000
0.000000
0.000000
0.000000
0.000000
0.000000
0.000000
0.000000
0.000000
0.000000
0.000000
0.000000
0.000000
0.000000
0.000000
0.000000
0.000000
0.000000
0.000000
0.000000
0.000000
0.000000
0.000000
0.000000
0.000000
0.000000
0.000000
0.000000
0.000000
0.000000
0.000000
0.000000
0.000000
0.000000
0.000000
0.000000
0.000000
0.000000
0.000000
0.000000
0.000000
0.000000
0.000000
0.000000
0.000000
0.000000
0.000000
0.000000
0.000000
0.000000
0.000000
0.000000
0.000000
0.000000
0.000000
0.000000
0.000000
0.000000
0.000000
0.000000
0.000000
0.000000
0.000000
0.000000
0.000000
0.000000
0.000000
0.000000
0.000000
0.000000
0.000000
0.000000
0.000000
0.000000
0.000000
0.000000
0.000000
0.000000
0.000000
0.000000
0.000000
0.000000
0.000000
0.000000
0.000000
0.000000
0.000000
0.000000
0.000000
0.000000
0.000000
0.000000
0.000000
0.000000
0.000000
0.000000
0.000000
0.000000
0.000000
0.000000
0.000000
0.000000
0.000000
0.000000
0.000000
0.000000
0.000000
0.000000
0.000000
0.000000
0.000000
0.000000
0.000000
0.000000
0.000000
0.000000
0.000000
0.000000
0.000000
0.000000
0.000000
0.000000
0.000000
0.000000
0.000000
0.000000
0.000000
0.000000
0.000000
0.000000
0.000000
0.000000
0.000000
0.000000
0.000000
0.000000
0.000000
0.000000
0.000000
0.000000
0.000000
0.000000
0.000000
0.000000
0.000000
0.000000
0.000000
0.000000
0.000000
0.000000
0.000000
0.000000
0.000000
0.000000
0.000000
0.000000
0.000000
0.000000
0.000000
0.000000
0.000000
0.000000
0.000000
0.000000
0.000000
0.000000
0.000000
0.000000
0.000000
0.000000
0.000000
0.000000
0.000000
0.000000
0.000000
0.000000
0.000000
0.000000
0.000000
0.000000
0.000000
0.000000
0.000000
0.000000
0.000000
0.000000
0.000000
0.000000
0.000000
0.000000
0.000000
0.000000
0.000000
0.000000
0.000000
0.000000
0.000000
0.000000
0.000000
0.000000
0.000000
0.000000
0.000000
0.000000
0.000000
0.000000
0.000000
0.000000
0.000000
0.000000
0.000000
0.000000
0.000000
0.000000
0.000000
0.000000
0.000000
0.000000
0.000000
0.000000
0.000000
0.000000
0.000000
0.000000
0.000000
0.000000
0.000000
0.000000
0.000000
0.000000
0.000000
0.000000
0.000000
0.000000
0.000000
0.000000
0.000000
0.000000
0.000000
0.000000
0.000000
0.000000
0.000000
0.000000
0.000000
0.000000
0.000000
0.000000
0.000000
0.000000
0.000000
0.000000
0.000000
0.000000
0.000000
0.000000
0.000000
0.000000
0.000000
0.000000
0.000000
0.000000
0.000000
0.000000
0.000000
0.000000
0.000000
0.000000
0.000000
0.000000
0.000000
0.000000
0.000000
0.000000
0.000000
0.000000
0.000000
0.000000
0.000000
0.000000
0.000000
0.000000
0.000000
0.000000
0.000000
0.000000
0.000000
0.000000
0.000000
0.000000
0.000000
0.000000
0.000000
0.000000
0.000000
0.000000
0.000000
0.000000
0.000000
0.000000
0.000000
0.000000
0.000000
0.000000
0.000000
0.000000
0.000000
0.000000
0.000000
0.000000
0.000000
0.000000
0.000000
0.000000
0.000000
0.000000
0.000000
0.000000
0.000000
0.000000
0.000000
0.000000
0.000000
0.000000
0.000000
0.000000
0.000000
0.000000
0.000000
0.000000
0.000000
0.000000
0.000000
0.000000
0.000000
0.000000
0.000000
0.000000
0.000000
0.000000
0.000000
0.000000
0.000000
0.000000
0.000000
0.000000
0.000000
0.000000
0.000000
0.000000
0.000000
0.000000
0.000000
0.000000
0.000000
0.000000
0.000000
0.000000
0.000000
0.000000
0.000000
0.000000
0.000000
0.000000
0.000000
0.000000
0.000000
0.000000
0.000000
0.000000
0.000000
0.000000
0.000000
0.000000
0.000000
0.000000
0.000000
0.000000
0.000000
0.000000
0.000000
0.000000
0.000000
0.000000
0.000000
0.000000
0.000000
0.000000
