369.844299
1519.386475
2646.136475
3088.367676
7617.037109
11534.211914
12008.978516
12541.385742
13193.965820
13831.541016
14561.878906
15372.743164
16144.051758
16948.689453
17723.470703
18525.072266
19298.771484
20893.416016
24693.687500
26805.876953
27396.953125
27905.654297
28963.136719
29928.595703
30798.652344
31419.156250
32015.652344
0.000000
0.000000
0.000000
0.000000
0.000000
0.000000
0.000000
0.000000
0.000000
0.000000
0.000000
0.000000
0.000000
0.000000
0.000000
0.000000
0.000000
0.000000
0.000000
0.000000
0.000000
0.000000
0.000000
0.000000
0.000000
0.000000
0.000000
0.000000
0.000000
0.000000
0.000000
0.000000
0.000000
0.000000
0.000000
0.000000
0.000000
0.000000
0.000000
0.000000
0.000000
0.000000
0.000000
0.000000
0.000000
0.000000
0.000000
0.000000
0.000000
0.000000
0.000000
0.000000
0.000000
0.000000
0.000000
0.000000
0.000000
0.000000
0.000000
0.000000
0.000000
0.000000
0.000000
0.000000
0.000000
0.000000
0.000000
0.000000
0.000000
0.000000
0.000000
0.000000
0.000000
