11.004970
11.171071
11.282812
11.596895
12.128420
12.312641
12.237140
12.708264
12.264320
12.493842
12.125399
12.046879
12.173719
12.185800
12.291500
12.297541
12.149559
12.040838
11.898897
12.113319
12.095199
12.170699
12.128419
12.043858
11.971377
12.231099
11.636154
11.805277
11.421733
11.451933
12.487803
12.638803
10.872089
10.856989
10.929469
10.488545
10.835848
11.319053
11.158991
10.953629
11.219393
11.059330
11.098591
11.467033
11.575754
11.726756
11.587834
12.028758
11.880777
11.593875
11.726756
11.910977
11.470055
11.152951
10.367744
10.965710
10.929470
13.768292
12.197880
13.792453
10.497606
10.820748
10.286204
12.678064
10.017422
10.452306
11.560654
11.917017
12.052918
10.787528
12.037819
15.042743
10.847929
11.285831
13.526691
12.264320
12.421362
13.568972
10.932489
10.639547
14.317937
12.762625
13.931374
13.867953
14.465918
14.055195
13.934394
13.970634
13.780373
13.777352
13.880033
13.638432
13.463270
13.094828
11.844537
12.560283
12.931746
12.708263
12.194859
11.741856
10.545926
10.905310
10.998930
10.757328
10.533846
10.059702
13.010266
12.777725
12.892485
12.611624
12.222040
11.944198
11.826416
11.699575
11.832457
11.802257
11.590855
11.557634
11.382473
11.388513
11.482134
11.470054
11.470054
11.409654
11.352272
11.322073
11.467033
11.436834
11.291872
11.349253
11.146912
11.306973
11.228453
11.038190
11.038191
11.032150
11.370393
11.578773
10.705987
10.820749
10.965710
11.400594
10.932489
11.104630
11.536493
11.397573
11.581795
12.264320
11.998558
12.170699
12.212980
12.080099
12.152579
12.469683
12.856245
13.357569
10.092922
10.654647
11.439854
12.143518
11.880777
11.337173
11.714676
11.766016
12.569343
15.266225
11.059330
10.980810
13.363609
12.687124
13.082747
14.885702
11.464014
12.158619
10.165403
13.538771
14.417597
10.561026
11.186172
11.313013
14.659201
14.873621
10.322445
10.992889
12.527062
13.266969
11.077450
10.440226
10.156343
10.684847
11.663336
12.457602
12.415321
11.654276
10.983829
10.893229
10.872088
11.790176
13.342469
12.801885
10.799608
11.331133
11.756956
12.445522
13.224688
12.536122
11.294892
11.464014
11.723736
12.370021
13.100867
13.390789
12.122379
11.545554
12.197880
12.379082
12.816985
12.496862
12.240160
12.225060
12.351901
12.545182
12.638803
12.635783
11.977418
12.234119
11.805277
12.149559
11.711656
11.938158
11.563675
11.509314
11.352273
11.183151
10.947590
10.678807
10.766388
10.500626
10.802628
10.558006
10.437205
11.346233
10.911349
10.715048
10.790548
10.379825
14.934022
10.790548
10.947590
11.430794
10.473446
10.108023
10.162383
10.289225
10.256004
10.065742
10.591227
10.585186
10.105002
14.849462
14.710541
10.111042
10.101982
10.527806
10.198624
14.758862
14.547459
14.601820
14.559539
15.000463
14.728661
14.538400
14.885702
14.758862
14.924962
14.740741
14.121635
14.103516
13.858893
13.523670
13.970634
13.689772
13.430050
12.726384
12.847185
13.173347
13.137107
12.835105
12.511961
12.514982
12.675043
12.681083
12.472702
12.206940
12.089159
12.270360
12.176740
12.095199
11.929098
11.627095
11.473074
11.104631
11.152951
11.134830
11.080470
10.748268
10.428145
10.089903
12.931746
12.862286
12.684103
12.098219
11.687495
11.400593
11.131811
11.237511
11.119731
10.950609
10.995910
11.587834
10.358685
10.467405
10.751288
11.784136
12.943827
10.274124
10.095942
10.585186
12.261300
10.165403
10.385864
10.542906
10.633507
10.660687
10.856989
10.917389
11.225431
11.128791
11.068390
11.050270
11.044230
11.007990
11.065370
11.168052
11.083490
11.524414
11.527434
11.910977
11.904937
12.524042
12.125400
12.246201
12.270360
12.234119
12.270361
12.771685
12.980066
13.212608
10.265064
10.669747
10.832829
11.844538
12.303581
11.476093
11.762996
11.965338
12.297541
13.067647
14.888721
10.500626
13.602192
13.263948
13.430050
14.792081
11.527434
13.170328
11.781116
13.834734
14.940063
10.114063
10.376804
10.032522
14.973282
10.065742
10.388885
11.642195
12.877386
13.294148
11.412673
10.183523
10.642567
10.636527
11.548574
12.554243
12.638803
11.041210
10.953629
11.168051
11.409653
11.950237
12.768664
12.318681
11.270732
11.297913
11.491194
12.729404
13.345490
12.868325
11.605955
11.956278
12.209960
12.300560
12.662964
13.212608
12.306601
11.494213
12.527062
12.620684
13.170328
12.989126
12.191839
12.282440
12.641823
13.263948
13.946474
13.919294
12.351901
12.807924
12.656923
13.523670
13.937414
13.372669
12.524042
13.146168
13.490450
13.901174
14.142776
13.028387
13.122007
13.417969
13.662592
13.867953
13.976675
13.185428
13.550851
13.735072
14.336058
14.677320
13.937414
13.575011
13.692792
14.185057
14.713560
13.988754
13.493470
13.994795
14.157876
14.175996
14.245457
14.100494
13.883053
14.369278
14.459878
14.556519
14.179016
14.106535
14.233376
14.505178
14.565579
14.342097
14.139755
14.487059
14.526319
14.553499
14.477999
14.248476
14.462898
14.487059
14.598799
14.468939
14.345118
14.423637
14.610880
14.514238
14.508199
14.375318
14.378338
14.508199
14.659200
14.426659
14.502159
14.263577
14.523298
14.459879
14.417598
14.314917
14.375318
14.345118
14.360218
14.450818
14.218276
14.450818
14.188076
14.399477
14.420618
14.118616
14.556519
13.880033
14.484038
14.320957
14.076335
14.257536
14.212236
14.260557
14.713560
14.006874
14.656179
13.934393
14.514238
14.432697
14.073315
14.399478
14.021975
14.363237
14.082375
14.308877
14.242436
14.133715
14.031034
14.363237
14.151835
13.997814
14.166935
14.043115
14.245457
14.200155
14.269617
13.892114
14.200156
14.130695
14.284718
14.109555
14.076335
14.061235
14.121635
14.166936
14.085396
13.880033
14.112576
13.946474
14.142776
14.191096
14.000834
13.922314
14.275657
13.858892
14.532358
13.916273
14.133716
14.154856
13.901174
14.094456
13.686752
13.390789
13.659572
13.333408
13.469311
13.360589
13.106907
12.895506
12.795845
12.690144
12.442501
11.995539
12.554243
11.826416
12.158619
11.693535
11.457973
11.119730
11.451933
11.394553
11.071411
11.059330
11.026110
10.630487
10.654647
10.292244
10.135202
15.051804
14.604839
14.562559
14.459879
13.991776
13.877013
13.590112
12.989126
13.088787
12.708263
12.518003
12.409282
12.052918
11.802257
11.376433
11.165031
11.113691
10.875109
10.645587
10.425125
10.376804
10.083862
12.919666
12.433441
12.264320
11.853598
11.542534
11.328113
11.119731
10.893229
10.621428
10.539886
10.410026
10.645587
10.407005
10.165403
10.129163
10.316404
10.283183
10.183523
10.026482
10.083862
10.252984
11.611994
12.345860
10.636526
11.545554
10.379825
11.790176
11.168051
12.185800
11.225431
10.899269
11.442873
11.343212
10.135202
10.292244
10.603308
10.542906
10.775448
11.180131
11.536494
11.451933
11.448914
11.678436
11.530455
11.518373
11.557634
11.669376
11.856617
11.696556
11.702596
12.058958
11.862658
11.913998
11.781116
11.741856
11.470054
12.421361
13.019327
12.119358
11.125771
11.367373
11.506293
12.161640
11.464014
10.690887
11.134831
11.563675
11.844536
12.098219
11.599916
12.158620
13.058587
11.249592
11.346233
13.097847
13.294148
10.108023
10.651628
12.315660
13.765272
12.656923
11.445893
11.309992
13.251868
10.869068
13.707891
12.620682
12.496862
12.373041
12.243181
12.469682
13.726011
13.934394
14.236397
13.167307
13.384749
14.221296
10.672768
11.125771
11.593875
14.598799
14.474979
10.376804
10.983829
11.947218
13.378710
13.916273
11.608974
15.269245
11.527434
11.684475
11.844537
12.427402
15.057843
10.724108
11.473074
12.859265
13.994795
12.708263
11.599915
10.518745
10.971750
11.500254
12.197880
11.379454
11.207312
11.128791
11.258652
11.956278
12.925706
12.647863
11.512334
11.494214
11.708635
11.775076
12.732424
13.025366
12.792825
11.759975
11.971378
12.288481
12.599543
13.248848
12.747524
12.113319
12.309620
12.759604
12.946846
13.849833
13.158247
12.424381
12.572363
12.955906
13.430050
13.873993
13.221668
12.608603
13.064627
13.134088
13.381729
13.034426
13.487431
12.880405
13.091807
13.611252
13.994795
13.910233
12.949865
13.263948
13.792452
14.571619
14.351157
13.704872
13.381729
13.493470
13.502531
14.040094
13.771313
13.454210
13.608231
14.021975
14.441758
14.040094
13.916273
13.683732
14.160896
14.139755
14.487059
14.091434
14.000834
13.928354
14.438738
14.641079
14.553499
13.991775
14.330017
14.257537
14.414577
13.931374
14.384377
14.031034
14.598799
14.405518
14.689400
14.281696
14.103516
14.647120
14.432697
14.426659
14.441758
14.091434
14.568600
14.677320
13.904194
14.707520
13.575010
13.632391
14.278677
14.511219
14.704500
14.160896
14.188076
14.399478
14.686380
14.248476
14.927982
13.493470
14.441758
14.079355
14.076335
14.148815
13.928354
14.133716
13.804533
13.608232
14.094456
14.221296
14.109555
14.021975
13.852854
14.103516
14.511219
14.031034
14.459878
14.055195
14.632019
14.305857
14.139755
14.160896
14.031034
14.432698
14.251496
14.357197
14.009895
14.484038
13.952514
14.015934
13.828693
13.855873
13.650512
13.641452
13.128048
13.571991
12.901546
13.100866
12.647863
12.774704
12.149559
12.315660
12.608603
11.753936
12.164660
11.584814
11.932117
11.152951
11.198252
11.158991
10.567066
10.920409
10.666727
10.053662
10.533846
10.262044
14.692420
10.189564
14.671280
14.024994
14.133716
13.644471
13.034427
13.297169
12.644844
12.795845
12.536122
11.784136
11.334152
11.699575
11.240532
11.177112
10.926449
10.573107
10.231844
13.082747
12.765644
12.662964
12.240160
11.690516
11.581795
11.355293
11.092550
10.968730
10.757328
10.585186
10.425125
10.385864
10.413045
10.325464
10.446265
10.458345
10.108023
10.304324
10.249964
10.225803
10.367744
10.488546
10.403985
10.422106
10.313385
10.361705
10.437205
10.295263
10.280164
10.301304
10.364725
10.497606
10.168423
10.101982
10.083862
10.340565
12.318680
12.164660
10.911349
12.357941
11.032150
11.379453
11.720716
10.823769
10.373785
10.817728
12.058958
12.590483
11.726756
10.588206
11.128790
11.210331
12.068018
10.319425
10.992890
10.056683
11.889836
11.814336
11.509314
10.832829
11.261671
10.890209
10.476465
11.678435
12.037818
12.013659
11.944197
11.651256
11.895878
13.010265
12.554243
12.445521
11.971378
13.016306
13.115968
11.391533
12.415321
10.056683
10.225803
13.279049
12.037819
13.146168
11.264692
11.702595
11.497233
10.032522
11.741856
11.929097
11.134830
13.034427
10.705988
10.542906
11.337173
10.917389
11.358313
10.657667
11.926078
10.092922
10.168424
10.259024
12.055939
10.869069
10.899269
11.479114
12.850204
12.804905
12.687124
12.354920
12.623703
10.026482
10.219764
10.120103
12.868326
12.804905
12.587462
12.536122
13.013287
12.940805
12.466662
12.738463
12.397202
12.527061
12.225060
12.104259
12.179760
12.104259
12.243179
12.388142
11.929098
11.793196
11.778096
11.750916
11.548574
11.624075
11.618034
11.602936
11.581795
11.542535
11.270732
11.225431
11.364352
11.291872
11.237513
11.137851
11.168052
11.400593
11.648235
11.313013
11.213351
11.415692
11.186172
11.433813
11.726756
12.080098
12.717323
12.780745
12.753564
12.922686
12.436462
12.327741
12.176739
11.216372
11.400594
12.137479
11.965338
11.720716
11.234492
11.442873
11.572735
11.554615
11.633135
11.660316
11.500254
11.427773
11.542534
11.488174
11.636155
11.436834
11.409653
11.319053
10.980810
11.352272
11.092550
11.285832
11.750916
11.796216
10.941550
10.850948
11.168051
10.953630
10.790548
10.727127
10.823769
10.705988
10.941549
11.092551
11.131811
11.186172
11.095572
11.089531
11.071410
11.216372
11.267712
11.334152
11.128791
11.017050
11.424754
11.766016
11.506294
11.343213
11.376432
11.817356
12.466661
11.464014
11.007990
12.101239
12.596522
12.409281
10.002321
12.191840
10.458345
11.823397
11.829437
10.440226
10.863029
11.569714
11.980438
11.524414
11.741856
11.959298
11.965338
11.992517
12.040838
11.992517
12.040838
12.152580
12.025738
12.074059
11.998558
11.989498
11.841516
11.793197
11.735816
11.793197
11.826416
11.889837
11.717695
11.593875
11.491194
11.479115
11.394553
11.388514
11.415694
11.488173
11.515354
11.439854
11.270732
11.370393
11.427773
11.273751
11.349253
11.352272
11.313012
11.430794
11.424753
11.397573
11.285831
11.198252
11.285831
11.207312
11.454953
11.331133
11.787157
12.303581
12.632763
12.222040
12.445522
12.315660
12.578403
12.499882
12.318682
12.303580
11.113691
10.869068
10.262044
10.289225
11.083490
11.294891
10.920409
11.059331
10.838869
10.721087
10.699947
10.935509
10.826788
10.941549
10.863029
10.678807
10.699947
11.337173
10.684847
10.618407
10.564046
10.687867
10.844908
10.500626
10.461366
10.237885
10.494586
11.252612
10.820749
10.337544
11.053290
12.992146
12.043859
10.174463
11.403614
11.877757
11.669376
11.904937
12.104259
10.065742
10.126143
11.521395
10.086883
10.881149
10.249964
10.760348
11.932117
11.974399
12.590483
12.490822
13.106907
12.086139
10.965710
10.757328
12.738463
12.049898
10.757328
10.561027
10.702968
11.192211
10.947590
11.735817
11.509314
11.149931
10.775448
10.690887
10.410025
13.417970
10.382845
12.974026
13.454209
13.061606
12.566323
12.161640
12.040838
12.339821
12.116339
11.717696
11.536494
11.364353
11.500255
11.500254
11.439854
11.255632
10.989870
11.011010
11.041210
11.337173
11.098591
11.186172
11.119730
11.014030
11.001949
10.751287
10.769407
10.869069
11.053289
10.579146
10.497605
10.627467
10.660687
10.397944
10.407004
10.295264
10.458345
11.488173
10.280164
11.651255
11.512334
10.908329
11.177112
11.007990
12.001577
12.225060
10.234863
10.403986
11.020070
11.234491
12.463642
11.880776
11.696555
11.666355
11.895877
13.007247
13.182408
10.567066
10.295264
13.146167
13.203547
10.784508
11.152951
10.995910
10.715048
10.564046
10.515726
10.488545
10.271104
13.137108
13.348509
13.149187
13.040466
12.675043
12.074059
11.944199
11.917017
11.699575
11.630115
11.530455
11.219393
11.001949
11.077451
11.059330
11.083490
11.204292
10.974770
10.932489
10.920409
11.234491
10.995910
10.887189
10.817728
10.841888
10.850948
10.850948
10.856989
10.841888
10.470426
10.712028
10.539886
10.476466
10.521766
11.050270
11.306973
10.860009
10.503646
10.823769
11.901917
12.672024
12.454582
10.829808
11.738836
10.524786
12.551223
10.017422
11.618035
11.104631
10.995910
10.249964
12.068019
12.264320
11.394553
12.460621
12.216001
12.445522
11.454953
11.636155
12.089159
10.053662
13.109927
10.829808
10.989870
11.017050
10.718067
10.869068
10.878129
11.089531
10.983829
11.294892
11.119731
10.959670
10.509686
10.403985
10.274124
10.092922
10.005342
13.064627
12.955906
12.774705
12.394181
12.203920
12.182780
11.971377
11.669374
11.615015
11.433813
11.415693
11.328113
11.373412
11.252613
11.014030
10.986850
10.992890
10.965710
11.101611
11.195231
11.074430
11.038191
10.905310
10.866049
10.917389
10.745248
10.820747
10.863029
10.826788
10.826788
10.476465
10.494585
10.485525
10.745248
10.252984
11.092551
12.267340
10.884169
10.781488
11.717695
11.941177
11.421733
11.557634
11.723736
12.243180
10.712028
10.959669
10.950609
11.877757
11.986477
12.228080
11.790176
11.660316
12.007619
12.170698
10.014402
10.038562
13.016306
12.771685
12.980066
10.204663
11.195231
11.195231
10.165403
10.023462
10.050642
10.132183
13.067647
13.158248
12.804905
12.871346
12.690143
12.481762
11.778095
11.584814
11.642196
11.681456
11.451934
11.521395
11.023089
11.074430
10.811688
11.041210
11.065371
11.068391
10.893229
10.847929
10.751288
10.944570
11.201271
10.890209
10.950609
10.696927
10.533846
10.926450
10.823769
10.781488
10.727128
10.585186
10.736188
10.391905
10.551967
10.364725
11.198252
11.017050
10.890209
10.428144
11.243552
12.418343
11.412674
10.277143
11.074430
13.010267
12.382102
11.364353
11.971378
11.017050
12.173719
10.268084
10.926449
10.715047
10.168423
10.748268
11.775077
11.856617
11.778096
11.518373
11.554615
11.974398
13.037447
10.098963
10.600286
10.443245
10.449286
10.917389
10.893229
11.337173
11.654276
11.370393
11.488174
11.454954
11.303952
11.053290
10.805649
10.971749
10.977790
10.899269
10.527806
10.219764
13.212608
13.125028
13.100867
13.040466
12.647864
12.276400
12.049898
11.995538
12.058959
12.046879
11.663336
11.569715
11.382473
11.409654
11.572734
11.488173
11.343212
11.506294
11.180132
11.168051
11.180131
11.219391
11.279793
11.035171
10.962689
10.884169
11.077451
11.065371
10.431165
10.419086
10.669748
10.443245
10.497606
10.168423
10.663708
11.276772
11.938158
11.627096
11.086510
10.699948
11.980438
12.173719
12.644843
11.349253
10.995909
11.080471
11.322072
11.666355
11.829436
11.808296
12.022718
12.179759
10.044602
10.887189
10.470426
10.126143
10.023462
10.041582
10.618406
11.539515
11.672396
11.071410
10.558006
10.527805
10.325464
10.204663
10.089903
10.089903
12.943826
13.176368
13.022346
12.472701
11.977418
11.841516
11.865677
11.926078
11.901917
11.723736
11.258652
11.204291
11.204292
11.258652
11.442874
11.343212
10.959670
10.965710
11.104630
11.050270
11.243551
11.316032
11.083490
11.065372
11.418714
11.020070
11.134831
10.959670
10.814709
11.035170
11.264692
10.956650
10.506666
11.086510
11.781116
11.506293
10.234863
10.343585
10.766388
10.672768
10.893229
10.950610
11.140871
10.956649
11.068390
11.113691
11.174091
11.385492
11.370394
11.300932
11.168051
11.131811
11.216372
11.288853
11.409654
11.373413
11.376432
11.225431
11.192211
11.566695
11.355292
11.418713
11.448914
11.454954
11.941177
11.530454
11.451933
11.479114
11.829436
13.176368
12.735444
11.165031
11.367373
11.482134
10.316404
12.572363
12.511962
10.965710
12.068019
11.980437
11.838496
11.418714
11.678436
12.219021
12.841145
10.920409
11.026110
13.155228
13.200527
10.259024
13.049526
10.210703
11.294892
11.554614
10.872088
10.992889
10.382845
13.218648
10.591227
11.829437
12.774704
11.454954
12.672024
11.744876
11.669374
10.117083
11.479114
11.518374
13.922314
12.140499
13.263948
12.955906
14.106535
10.050642
13.348509
13.674671
13.880033
15.063883
14.858522
14.166936
13.943454
14.203176
14.209215
13.919294
13.843793
13.756212
13.330389
13.324349
12.644843
13.028386
12.922686
12.566323
12.034799
11.488173
11.361333
11.630116
11.328113
11.007990
10.648607
10.138223
13.282068
10.129163
10.198624
10.065742
12.943826
12.481762
12.511963
12.514982
12.584443
12.463642
12.376061
12.061979
12.206939
12.104259
12.345861
12.182780
11.935137
11.868697
11.989497
12.034798
12.170700
12.031778
11.904938
11.947218
12.261300
11.723735
11.808296
11.470054
11.645214
12.457602
12.348881
11.370394
11.337173
11.430794
12.068019
12.225060
12.282440
12.137480
12.040838
12.735444
10.020442
10.567066
12.925706
12.862285
12.557262
12.967986
10.724108
11.412673
11.288853
10.624447
10.512706
10.573107
11.240532
13.870974
10.183523
10.527806
10.388885
10.515726
11.219392
11.995539
12.832086
15.027642
11.762997
12.167679
11.231472
12.297541
13.013287
14.915902
10.754308
11.892857
11.186172
14.006874
13.889093
14.764900
10.986850
11.107651
10.153323
10.074802
14.641080
10.083862
11.512335
10.971749
10.763369
10.645587
10.826788
10.222784
10.346604
11.521395
13.254889
12.774704
14.852482
10.920409
10.893229
11.454954
11.756956
11.829437
10.841888
10.648607
10.965710
11.633135
12.219019
12.524042
11.300932
10.760347
11.014030
12.013659
12.451562
13.550851
13.378710
11.303952
11.322073
11.956278
12.986106
13.478371
12.469682
11.467033
12.092178
12.074059
12.681084
13.200527
12.804905
12.004599
11.974398
12.469682
12.611624
12.946846
12.989126
12.327741
12.031778
12.949865
13.227708
13.843793
14.396458
12.521023
12.436462
12.605583
13.496490
13.526690
12.904566
12.690144
12.971006
13.384749
13.759233
13.650511
13.106907
12.774704
13.430050
13.505550
13.741112
13.599171
13.152207
13.369649
13.487431
13.744132
13.659572
13.692792
13.336430
13.834733
14.200156
14.070295
14.284718
13.991774
13.623331
14.136736
14.333037
14.028015
13.864933
13.807552
14.142776
14.414577
14.197136
14.182035
14.109555
14.142776
14.502159
14.230356
14.257536
14.160895
14.278677
14.251496
13.958554
13.843794
14.242436
14.296797
14.212236
14.284717
14.305857
14.357197
14.450818
14.287737
14.393438
14.514238
14.305857
14.420618
14.441758
14.505178
14.275657
14.369278
14.408538
14.505178
14.647120
14.302837
14.402498
14.284717
14.396458
14.481018
14.453838
14.278677
14.490078
14.266596
14.206196
14.179016
13.780373
13.762253
13.735072
13.710912
13.463270
13.369649
13.191467
13.122007
13.007246
12.813965
13.224688
12.569343
13.094828
12.593503
12.412302
12.659944
12.249220
12.234119
11.965338
12.064999
11.898897
11.995538
12.016678
11.820377
11.793196
11.669375
11.862658
11.844537
11.753937
11.427773
11.225431
11.509314
11.282812
11.322073
11.294892
11.328112
11.086510
11.192211
11.337173
11.192211
11.316032
11.521395
11.065371
11.035170
11.204292
11.180132
11.325092
11.168051
11.334152
10.959669
11.222412
11.119731
11.155972
11.252611
10.911349
11.007990
11.059330
11.174091
11.291872
11.044230
11.044230
11.041210
10.959669
11.476093
11.089531
10.866049
10.802628
10.542906
10.388885
10.542906
10.283184
10.213724
10.077822
10.246944
10.044601
14.695440
14.284717
14.103515
14.402498
14.106535
13.638432
12.916645
12.786785
13.034426
12.998186
12.514982
11.974398
11.654276
11.433814
11.267712
11.509314
11.195231
10.576126
10.277144
12.892486
12.977046
12.708264
12.206940
11.711657
11.497234
11.454954
11.246572
10.908329
10.763368
10.545926
10.527805
10.506665
10.400965
10.289224
10.195603
12.493842
10.210704
10.150303
10.222784
10.144262
10.074802
12.487802
12.581423
10.292244
10.189563
10.198624
10.117083
10.162383
10.153323
10.464385
10.111043
10.400965
10.301305
10.367744
10.699947
10.633507
12.212980
10.422105
10.041582
11.735815
12.010639
12.454581
11.714676
12.276401
11.551594
10.860009
11.373413
11.977419
12.086139
11.198251
11.956277
10.624447
10.023462
11.690516
10.974770
12.176740
10.866049
10.129163
12.092178
10.521767
10.630486
10.376804
10.053662
10.597267
11.370392
10.494585
10.506666
10.503646
10.618406
10.887189
10.452305
10.527806
10.739207
11.213352
10.234864
10.316404
11.020071
10.917389
12.641824
10.609347
10.536865
10.545926
11.923058
10.461366
10.805649
10.385865
12.074060
11.258652
11.953258
10.805649
11.932117
12.122378
10.554986
10.681827
11.065371
11.932117
11.279793
11.053290
11.421733
12.185800
11.542534
10.835848
10.657667
11.512335
12.267341
12.312641
10.965710
10.657667
10.696928
10.844909
10.914369
10.086883
10.207684
11.155971
13.221668
12.255260
12.832086
10.654647
12.490822
11.877756
10.014401
10.343584
11.403614
10.198624
10.252984
10.283184
10.669747
10.902288
10.781488
10.869069
10.802628
10.923429
11.107651
10.376805
10.881148
11.128791
11.255632
10.751287
10.702967
10.730147
10.826788
10.479486
10.325464
10.564046
10.340565
11.309992
12.179760
11.750916
12.255260
11.802257
11.125771
12.527061
10.449286
10.733168
10.548946
10.690887
11.219391
11.548574
11.482134
11.669376
11.575754
12.530082
11.473074
10.530827
11.140871
12.499882
12.623703
12.475722
11.539514
12.025739
10.992890
10.763368
10.349625
11.007990
13.013286
12.261301
11.596894
11.303952
11.750916
10.769408
10.790548
11.122751
10.838869
10.425125
10.678807
11.213352
11.530455
11.989498
12.496862
12.173720
12.336801
12.518003
12.617662
12.626723
12.206940
12.499882
12.469682
13.390789
11.107651
10.980810
12.451562
12.527062
10.198624
11.557634
10.693908
10.527806
10.349625
10.388885
10.518745
10.838869
11.086511
10.657667
10.579146
10.853969
10.793568
10.322444
11.155972
10.621427
10.503646
10.467405
10.835849
10.455326
10.814709
10.709007
10.787528
11.116711
11.276772
13.088787
10.627467
10.521766
10.259024
11.473074
11.841516
10.947590
10.053661
10.201643
10.796588
10.660686
10.890209
10.609346
10.693907
10.413045
13.517631
11.485154
13.843794
10.515726
10.358685
10.425125
11.542534
10.938530
12.629744
13.224689
10.853969
11.406633
12.315660
10.536866
13.125028
10.524786
12.433441
12.871346
11.376432
12.575383
12.780745
10.228824
11.445893
12.859264
11.047250
10.600286
10.512706
10.826789
10.231844
12.777724
12.164660
13.369649
11.684475
11.781116
12.983087
12.774704
10.014402
11.216372
10.938529
10.446265
10.497606
10.286203
11.762997
12.593504
14.384378
11.524414
11.143891
10.545927
11.004971
11.125771
10.256004
11.352273
11.370393
12.807925
12.255260
10.201643
10.117083
10.334524
11.035170
12.708263
13.644471
12.225060
13.333408
10.576126
10.558006
10.802628
10.669747
10.878129
11.488174
12.632763
13.016307
12.714304
10.875109
10.881149
10.651628
12.877386
13.357569
13.732052
11.080471
10.944570
11.457973
11.624075
12.098219
11.889837
12.436462
11.681456
12.496862
11.663335
11.479114
11.907957
11.427773
12.188820
12.249220
11.494214
11.370394
11.306973
11.464014
12.089159
11.920037
11.775076
11.702596
11.451934
11.337173
11.814337
11.917017
12.351901
12.046879
11.500254
11.485154
11.415693
11.506293
11.871717
12.125399
11.699575
11.572735
11.533474
11.569715
11.660316
11.621056
11.403614
11.442874
11.361333
11.207312
10.875109
10.721088
10.500626
10.373785
10.201643
10.210703
10.177484
13.109926
12.442501
12.128419
11.844536
11.920038
12.107279
11.938157
11.624075
11.267712
11.201272
11.192211
11.282812
11.370393
11.128791
11.056311
11.071411
10.953629
10.923429
11.131811
11.038190
11.116711
11.035170
10.971750
10.938530
10.872087
10.896249
11.056310
11.083490
11.358313
11.648235
11.895877
12.209960
13.436090
10.533846
11.790176
13.526690
13.137107
13.073687
12.874366
12.191840
10.431165
10.986850
13.837753
11.053289
11.279793
11.379454
12.376060
13.641451
14.242437
12.557262
11.488174
12.983086
14.003855
13.970634
11.174091
10.962689
10.757328
12.744504
12.469683
10.153323
10.890209
13.001205
12.445521
11.454954
10.564046
10.681828
11.415693
12.433441
11.871717
12.647864
13.109926
13.112947
12.373041
12.469682
12.774704
12.708263
12.521022
12.717323
12.714304
12.693164
12.581423
12.508942
12.406261
12.424381
12.436462
12.403240
12.300560
12.252241
11.998558
12.052918
12.049899
12.170699
12.022718
11.901917
11.738836
11.738836
11.802257
11.832457
11.853598
11.947218
12.040839
12.294520
13.221668
13.131067
10.117083
10.346604
10.690887
10.820748
10.929469
11.047251
10.986850
11.007990
10.866049
10.612367
10.488545
10.718067
10.310364
10.920409
13.309249
13.221668
12.336801
11.503274
12.188820
12.650883
13.070666
10.473446
10.944570
12.182779
12.481762
10.286203
10.277143
10.817728
11.965338
10.252984
12.149559
12.542163
12.835104
10.932490
10.545926
11.207312
10.008362
12.530083
11.877757
11.391533
11.282812
11.805277
11.941177
11.853596
12.037819
12.155600
12.792825
13.088787
12.883425
12.974026
12.835105
13.146168
10.147283
10.289224
10.120103
13.194489
13.094828
13.372669
10.346605
12.980066
13.158247
13.067647
13.100867
13.164288
13.143147
13.182408
12.593503
12.675043
13.046507
12.798864
12.373041
12.300561
12.370021
12.309621
12.348882
12.246200
12.010638
12.185800
12.348881
12.373041
12.104259
12.137480
12.312640
12.249220
12.294520
12.303580
12.155600
12.167679
12.068019
12.052918
12.231100
12.158619
12.122378
12.342840
12.397202
12.351901
12.406261
12.611623
12.804905
12.823026
12.964966
12.675043
12.729403
13.167307
10.219764
12.880405
13.022346
12.774704
12.632764
13.064627
12.759604
13.055567
12.744504
12.548203
12.560283
12.687124
12.669003
12.354921
12.146540
12.179760
12.339821
12.373041
12.034799
11.859636
11.992517
11.974398
12.146539
12.055939
11.853597
12.028758
12.255260
12.200899
12.098219
11.974398
12.110298
11.944198
11.944198
12.122379
12.058958
12.089159
12.137480
12.001578
12.327740
12.590483
12.952886
12.662964
12.886446
12.693164
12.931746
12.971005
10.561027
13.209588
13.061606
12.961946
12.856245
10.086883
10.911349
11.382473
10.866049
10.422105
10.425125
10.473446
12.868325
12.291501
11.563675
11.587835
10.863029
11.747896
11.074430
11.841516
10.986850
10.705987
10.811688
10.630487
10.467405
10.382845
10.346605
13.034426
12.943826
10.129163
10.047623
12.415320
12.089159
11.726756
11.189192
11.044230
11.038190
10.947590
10.878128
10.600286
10.379825
10.216743
10.068763
10.156343
10.180504
10.192583
10.153322
12.502902
12.354921
12.303580
12.427402
10.174463
12.463642
10.135202
10.026482
12.200899
12.406261
12.436462
10.123122
10.207684
12.288481
12.360960
12.351901
10.029502
10.032522
10.111043
10.035542
12.391162
12.324721
12.370021
12.502901
10.114062
10.074802
12.391161
12.273379
12.309621
12.442503
10.101983
10.105001
12.557262
12.243179
12.379082
12.457602
10.059702
10.083862
10.038562
10.026482
12.385120
12.336802
10.008362
10.117083
10.114062
10.059702
12.484782
12.415321
12.367001
10.047622
10.050642
10.135202
10.020441
12.511963
0.000000
0.000000
0.000000
0.000000
0.000000
0.000000
0.000000
0.000000
0.000000
0.000000
0.000000
0.000000
0.000000
0.000000
0.000000
0.000000
0.000000
0.000000
0.000000
0.000000
0.000000
0.000000
0.000000
0.000000
0.000000
0.000000
0.000000
0.000000
0.000000
0.000000
0.000000
0.000000
0.000000
0.000000
0.000000
0.000000
0.000000
0.000000
0.000000
0.000000
0.000000
0.000000
0.000000
0.000000
0.000000
0.000000
0.000000
0.000000
0.000000
0.000000
0.000000
0.000000
0.000000
0.000000
0.000000
0.000000
0.000000
0.000000
0.000000
0.000000
0.000000
0.000000
0.000000
0.000000
0.000000
0.000000
0.000000
0.000000
0.000000
0.000000
0.000000
0.000000
0.000000
0.000000
0.000000
0.000000
0.000000
0.000000
0.000000
0.000000
0.000000
0.000000
0.000000
0.000000
0.000000
0.000000
0.000000
0.000000
0.000000
0.000000
0.000000
0.000000
0.000000
0.000000
0.000000
0.000000
0.000000
0.000000
0.000000
0.000000
0.000000
0.000000
0.000000
0.000000
0.000000
0.000000
0.000000
0.000000
0.000000
0.000000
0.000000
0.000000
0.000000
0.000000
0.000000
0.000000
0.000000
0.000000
0.000000
0.000000
0.000000
0.000000
0.000000
0.000000
0.000000
0.000000
0.000000
0.000000
0.000000
0.000000
0.000000
0.000000
0.000000
0.000000
0.000000
0.000000
0.000000
0.000000
0.000000
0.000000
0.000000
0.000000
0.000000
0.000000
0.000000
0.000000
0.000000
0.000000
0.000000
0.000000
0.000000
0.000000
0.000000
0.000000
0.000000
0.000000
0.000000
0.000000
0.000000
0.000000
0.000000
0.000000
0.000000
0.000000
0.000000
0.000000
0.000000
0.000000
0.000000
0.000000
0.000000
0.000000
0.000000
0.000000
0.000000
0.000000
0.000000
0.000000
0.000000
0.000000
0.000000
0.000000
0.000000
0.000000
0.000000
0.000000
0.000000
0.000000
0.000000
0.000000
0.000000
0.000000
0.000000
0.000000
0.000000
0.000000
0.000000
0.000000
0.000000
0.000000
0.000000
0.000000
0.000000
0.000000
0.000000
0.000000
0.000000
0.000000
0.000000
0.000000
0.000000
0.000000
0.000000
0.000000
0.000000
0.000000
0.000000
0.000000
0.000000
0.000000
0.000000
0.000000
0.000000
0.000000
0.000000
0.000000
0.000000
0.000000
0.000000
0.000000
0.000000
0.000000
0.000000
0.000000
0.000000
0.000000
0.000000
0.000000
0.000000
0.000000
0.000000
0.000000
0.000000
0.000000
0.000000
0.000000
0.000000
0.000000
0.000000
0.000000
0.000000
0.000000
0.000000
0.000000
0.000000
0.000000
0.000000
0.000000
0.000000
0.000000
0.000000
0.000000
0.000000
0.000000
0.000000
0.000000
0.000000
0.000000
0.000000
0.000000
0.000000
0.000000
0.000000
0.000000
0.000000
0.000000
0.000000
0.000000
0.000000
0.000000
0.000000
0.000000
0.000000
0.000000
0.000000
0.000000
0.000000
0.000000
0.000000
0.000000
0.000000
0.000000
0.000000
0.000000
0.000000
0.000000
0.000000
0.000000
0.000000
0.000000
0.000000
0.000000
0.000000
0.000000
0.000000
0.000000
0.000000
0.000000
0.000000
0.000000
0.000000
0.000000
0.000000
0.000000
0.000000
0.000000
0.000000
0.000000
0.000000
0.000000
0.000000
0.000000
0.000000
0.000000
0.000000
0.000000
0.000000
0.000000
0.000000
0.000000
0.000000
0.000000
0.000000
0.000000
0.000000
0.000000
0.000000
0.000000
0.000000
0.000000
0.000000
0.000000
0.000000
0.000000
0.000000
0.000000
0.000000
0.000000
0.000000
0.000000
0.000000
0.000000
0.000000
0.000000
0.000000
0.000000
0.000000
0.000000
0.000000
0.000000
0.000000
0.000000
0.000000
0.000000
0.000000
0.000000
0.000000
0.000000
0.000000
0.000000
0.000000
0.000000
0.000000
0.000000
0.000000
0.000000
0.000000
0.000000
0.000000
0.000000
0.000000
0.000000
0.000000
0.000000
0.000000
0.000000
0.000000
0.000000
0.000000
0.000000
0.000000
0.000000
0.000000
0.000000
0.000000
0.000000
0.000000
0.000000
0.000000
0.000000
0.000000
0.000000
0.000000
0.000000
0.000000
0.000000
0.000000
0.000000
0.000000
0.000000
0.000000
0.000000
0.000000
0.000000
0.000000
0.000000
0.000000
0.000000
0.000000
0.000000
0.000000
0.000000
0.000000
0.000000
0.000000
0.000000
0.000000
0.000000
0.000000
0.000000
0.000000
0.000000
0.000000
0.000000
0.000000
0.000000
0.000000
0.000000
0.000000
0.000000
0.000000
0.000000
0.000000
0.000000
0.000000
0.000000
0.000000
0.000000
0.000000
0.000000
0.000000
0.000000
0.000000
0.000000
0.000000
0.000000
0.000000
0.000000
0.000000
0.000000
0.000000
0.000000
0.000000
0.000000
0.000000
0.000000
0.000000
0.000000
0.000000
0.000000
0.000000
0.000000
0.000000
0.000000
0.000000
0.000000
0.000000
0.000000
0.000000
0.000000
0.000000
0.000000
0.000000
0.000000
0.000000
0.000000
0.000000
0.000000
0.000000
0.000000
0.000000
0.000000
0.000000
0.000000
0.000000
0.000000
0.000000
0.000000
0.000000
0.000000
0.000000
0.000000
0.000000
0.000000
0.000000
0.000000
0.000000
0.000000
0.000000
0.000000
0.000000
0.000000
0.000000
0.000000
0.000000
0.000000
0.000000
0.000000
0.000000
0.000000
0.000000
0.000000
0.000000
0.000000
0.000000
0.000000
0.000000
0.000000
0.000000
0.000000
0.000000
0.000000
0.000000
0.000000
0.000000
0.000000
0.000000
0.000000
0.000000
0.000000
0.000000
0.000000
0.000000
0.000000
0.000000
0.000000
0.000000
0.000000
0.000000
0.000000
0.000000
0.000000
0.000000
0.000000
0.000000
0.000000
0.000000
0.000000
0.000000
0.000000
0.000000
0.000000
0.000000
0.000000
0.000000
0.000000
0.000000
0.000000
0.000000
0.000000
0.000000
0.000000
0.000000
0.000000
0.000000
0.000000
0.000000
0.000000
0.000000
0.000000
0.000000
0.000000
0.000000
0.000000
0.000000
0.000000
0.000000
0.000000
0.000000
0.000000
0.000000
0.000000
0.000000
0.000000
0.000000
0.000000
0.000000
0.000000
0.000000
0.000000
0.000000
0.000000
0.000000
0.000000
0.000000
0.000000
0.000000
0.000000
0.000000
0.000000
0.000000
0.000000
0.000000
0.000000
0.000000
0.000000
0.000000
0.000000
0.000000
0.000000
0.000000
0.000000
0.000000
0.000000
0.000000
0.000000
0.000000
0.000000
0.000000
0.000000
0.000000
0.000000
0.000000
0.000000
0.000000
0.000000
0.000000
0.000000
0.000000
0.000000
0.000000
0.000000
0.000000
0.000000
0.000000
0.000000
0.000000
0.000000
0.000000
0.000000
0.000000
0.000000
0.000000
0.000000
0.000000
0.000000
0.000000
0.000000
0.000000
0.000000
0.000000
0.000000
0.000000
0.000000
0.000000
0.000000
0.000000
0.000000
0.000000
0.000000
0.000000
0.000000
0.000000
0.000000
0.000000
0.000000
0.000000
0.000000
0.000000
0.000000
0.000000
0.000000
0.000000
0.000000
0.000000
0.000000
0.000000
0.000000
0.000000
0.000000
0.000000
0.000000
0.000000
0.000000
0.000000
0.000000
0.000000
0.000000
0.000000
0.000000
0.000000
0.000000
0.000000
0.000000
0.000000
0.000000
0.000000
0.000000
0.000000
0.000000
0.000000
0.000000
0.000000
0.000000
0.000000
0.000000
0.000000
0.000000
0.000000
0.000000
0.000000
0.000000
0.000000
0.000000
0.000000
0.000000
0.000000
0.000000
0.000000
0.000000
0.000000
0.000000
0.000000
0.000000
0.000000
0.000000
0.000000
0.000000
0.000000
0.000000
0.000000
0.000000
0.000000
0.000000
0.000000
0.000000
0.000000
0.000000
0.000000
0.000000
0.000000
0.000000
0.000000
0.000000
0.000000
0.000000
0.000000
0.000000
0.000000
0.000000
0.000000
0.000000
0.000000
0.000000
0.000000
0.000000
0.000000
0.000000
0.000000
0.000000
0.000000
0.000000
0.000000
0.000000
0.000000
0.000000
0.000000
0.000000
0.000000
0.000000
0.000000
0.000000
0.000000
0.000000
0.000000
0.000000
0.000000
0.000000
0.000000
0.000000
0.000000
0.000000
0.000000
0.000000
0.000000
0.000000
0.000000
0.000000
0.000000
0.000000
0.000000
0.000000
0.000000
0.000000
0.000000
0.000000
0.000000
0.000000
0.000000
0.000000
0.000000
0.000000
0.000000
0.000000
0.000000
0.000000
0.000000
0.000000
0.000000
0.000000
0.000000
0.000000
0.000000
0.000000
0.000000
0.000000
0.000000
0.000000
0.000000
0.000000
0.000000
0.000000
0.000000
0.000000
0.000000
0.000000
0.000000
0.000000
0.000000
0.000000
0.000000
0.000000
0.000000
0.000000
0.000000
0.000000
0.000000
0.000000
0.000000
0.000000
0.000000
0.000000
0.000000
0.000000
0.000000
0.000000
0.000000
0.000000
0.000000
0.000000
0.000000
0.000000
0.000000
0.000000
0.000000
0.000000
0.000000
0.000000
0.000000
0.000000
0.000000
0.000000
0.000000
0.000000
0.000000
0.000000
0.000000
0.000000
0.000000
0.000000
0.000000
0.000000
0.000000
0.000000
0.000000
0.000000
0.000000
0.000000
0.000000
0.000000
0.000000
0.000000
0.000000
0.000000
0.000000
0.000000
0.000000
0.000000
0.000000
0.000000
0.000000
0.000000
0.000000
0.000000
0.000000
0.000000
0.000000
0.000000
0.000000
0.000000
0.000000
0.000000
0.000000
0.000000
0.000000
0.000000
0.000000
0.000000
0.000000
0.000000
0.000000
0.000000
0.000000
0.000000
0.000000
0.000000
0.000000
0.000000
0.000000
0.000000
0.000000
0.000000
0.000000
0.000000
0.000000
0.000000
0.000000
0.000000
0.000000
0.000000
0.000000
0.000000
0.000000
0.000000
0.000000
0.000000
0.000000
0.000000
0.000000
0.000000
0.000000
0.000000
0.000000
0.000000
0.000000
0.000000
0.000000
0.000000
0.000000
0.000000
0.000000
0.000000
0.000000
0.000000
0.000000
0.000000
0.000000
0.000000
0.000000
0.000000
0.000000
0.000000
0.000000
0.000000
0.000000
0.000000
0.000000
0.000000
0.000000
0.000000
0.000000
0.000000
0.000000
0.000000
0.000000
0.000000
0.000000
0.000000
0.000000
0.000000
0.000000
0.000000
0.000000
0.000000
0.000000
0.000000
0.000000
0.000000
0.000000
0.000000
0.000000
0.000000
0.000000
0.000000
0.000000
0.000000
0.000000
0.000000
0.000000
0.000000
0.000000
0.000000
0.000000
0.000000
0.000000
0.000000
0.000000
0.000000
0.000000
0.000000
0.000000
0.000000
0.000000
0.000000
0.000000
0.000000
0.000000
0.000000
0.000000
0.000000
0.000000
0.000000
0.000000
0.000000
0.000000
0.000000
0.000000
0.000000
0.000000
0.000000
0.000000
0.000000
0.000000
0.000000
0.000000
0.000000
0.000000
0.000000
0.000000
0.000000
0.000000
0.000000
0.000000
0.000000
0.000000
0.000000
0.000000
0.000000
0.000000
0.000000
0.000000
0.000000
0.000000
0.000000
0.000000
0.000000
0.000000
0.000000
0.000000
0.000000
0.000000
0.000000
0.000000
0.000000
0.000000
0.000000
0.000000
0.000000
0.000000
0.000000
0.000000
0.000000
0.000000
0.000000
0.000000
0.000000
0.000000
0.000000
0.000000
0.000000
0.000000
0.000000
0.000000
0.000000
0.000000
0.000000
0.000000
0.000000
0.000000
0.000000
0.000000
0.000000
0.000000
0.000000
0.000000
0.000000
0.000000
0.000000
0.000000
0.000000
0.000000
0.000000
0.000000
0.000000
0.000000
0.000000
0.000000
0.000000
0.000000
0.000000
0.000000
0.000000
0.000000
0.000000
0.000000
0.000000
0.000000
0.000000
0.000000
0.000000
0.000000
0.000000
0.000000
0.000000
0.000000
0.000000
0.000000
0.000000
0.000000
0.000000
0.000000
0.000000
0.000000
0.000000
0.000000
0.000000
0.000000
0.000000
0.000000
0.000000
0.000000
0.000000
0.000000
0.000000
0.000000
0.000000
0.000000
0.000000
0.000000
0.000000
0.000000
0.000000
0.000000
0.000000
0.000000
0.000000
0.000000
0.000000
0.000000
0.000000
0.000000
0.000000
0.000000
0.000000
0.000000
0.000000
0.000000
0.000000
0.000000
0.000000
0.000000
0.000000
0.000000
0.000000
0.000000
0.000000
0.000000
0.000000
0.000000
0.000000
0.000000
0.000000
0.000000
0.000000
0.000000
0.000000
0.000000
0.000000
