2.866004
2.941504
3.143846
3.255587
3.059285
3.149886
2.926404
3.089485
3.080425
2.989825
3.026065
2.866004
2.745203
2.440180
2.573061
2.838823
2.820703
2.890164
2.893184
2.932444
2.838823
2.769363
4.339776
3.488128
6.203131
4.240115
3.886772
5.309203
4.735399
4.656878
4.539097
4.321655
4.215954
3.932072
3.702550
3.388468
3.282767
3.104585
2.941504
3.071365
2.811643
2.881104
2.856943
2.835803
2.832783
2.835803
2.727082
2.718022
2.763323
2.896204
2.787483
3.029085
3.001904
3.065325
3.050225
3.367327
3.998513
3.747851
5.134042
4.261255
6.148770
4.992101
5.037401
5.849788
6.076290
5.402824
5.577986
5.593086
6.927937
6.314872
6.414532
5.864888
5.904148
5.360544
5.674626
4.973980
5.239743
5.215583
4.952840
5.109882
4.816939
4.813920
5.058541
4.611578
4.548157
4.406216
4.261255
4.249175
3.926032
4.007573
3.711610
3.581749
3.210286
3.180086
2.872043
2.835803
2.718022
2.675742
2.811643
2.663662
2.400920
2.557961
2.715002
2.793523
2.784463
2.763323
2.769363
3.062305
3.010965
2.986804
3.089485
3.119685
3.288807
3.775031
3.926032
4.508897
4.551177
6.556474
4.928680
5.179342
5.266923
6.387352
5.795427
5.556845
5.744087
6.562514
6.622914
6.677275
6.393392
6.583654
6.595734
6.544394
6.861496
6.949077
7.157458
7.187659
7.293360
7.199739
7.223899
7.242019
7.229939
7.281280
7.072898
7.094038
7.199739
6.961157
7.275239
7.320540
6.985317
7.012497
6.973237
6.921896
7.142358
6.855456
6.900756
6.610834
6.399432
5.946429
5.632346
5.357524
5.031361
4.850160
4.533057
4.034753
3.775031
3.681410
3.249547
3.125726
2.742182
2.850903
2.660642
2.570041
2.560981
2.560981
2.431120
2.431120
2.497561
2.639502
2.866004
2.077777
2.177438
2.512661
2.687822
2.929424
2.869023
2.893184
2.866004
2.856943
3.092505
3.001904
3.183106
2.838823
3.023045
2.829763
2.989825
2.899224
3.400548
3.325047
3.551549
4.034753
3.433768
4.197834
4.122334
4.614598
5.149142
4.693119
6.949077
5.895088
5.390744
5.282023
5.704827
6.308832
6.375272
6.024949
6.091390
6.200110
6.764855
6.520233
6.991357
7.145379
6.595734
7.069878
7.039678
7.163498
7.103098
6.656135
6.958137
7.323560
7.151418
6.946057
7.553082
7.081958
7.048738
7.084978
7.441341
7.314500
7.091018
6.804116
6.278631
6.085350
5.632346
4.992101
4.992101
4.590437
4.152534
3.744831
3.868652
3.536449
3.228406
2.902244
2.699902
2.793523
2.687822
2.530781
2.494540
2.648562
2.600241
2.591181
2.627421
2.600241
2.736142
2.491520
2.479440
2.727082
2.739162
2.246898
0.827487
2.808623
2.521721
1.214050
2.841843
1.494912
3.273707
2.346559
2.600241
2.751242
2.995864
3.050225
3.195186
3.059285
2.313339
3.545509
3.083445
3.068345
3.146866
2.053617
3.337127
2.123077
2.204618
2.080797
2.542861
2.736142
3.207266
3.270687
3.331087
3.086465
3.077405
3.228406
3.177066
2.998884
3.116665
3.044185
2.956604
2.902244
2.920364
2.817683
2.760303
2.796543
2.817683
2.850903
2.811643
2.941504
3.319007
3.131766
2.980764
2.950564
2.974724
2.866004
2.763323
2.781443
2.944524
2.847883
2.835803
2.956604
3.010965
2.696882
2.763323
2.760303
2.751242
2.766343
2.748222
2.844863
2.790503
3.071365
2.872043
3.065325
2.651582
2.591181
2.361659
2.917344
2.669702
2.929424
2.932444
3.053245
3.056265
3.062305
3.029085
2.953584
2.956604
2.968684
2.896204
2.878083
2.917344
2.850903
2.772383
2.823723
2.917344
2.823723
2.757282
2.772383
3.077405
2.914324
3.297867
3.155926
2.896204
2.757282
2.814663
2.666682
2.660642
2.663662
2.724062
2.606281
2.733122
2.557961
2.711982
2.446220
3.300887
2.908284
2.808623
2.234818
1.878455
1.253310
2.515681
2.986804
2.932444
3.599869
4.052873
3.364307
3.811271
3.370347
3.451888
3.300887
3.083445
2.980764
2.959624
2.817683
2.908284
2.639502
2.872043
2.781443
2.705942
2.690842
2.669702
2.702922
2.388839
2.968684
2.373739
2.642522
2.488500
2.642522
2.739162
2.971704
2.959624
3.255587
3.282767
3.747851
3.418668
3.279747
3.352227
2.938484
3.053245
3.095525
2.808623
2.856943
2.696882
2.766343
2.823723
2.730102
2.742182
2.784463
2.597221
2.841843
2.527761
3.252567
2.554941
2.727082
2.032477
1.830135
3.101565
2.419040
2.887144
2.781443
3.494169
3.753891
3.415648
3.895832
3.500209
3.355247
3.231426
3.056265
2.995864
2.884124
2.847883
2.721042
2.739162
2.787483
2.730102
2.648562
2.687822
2.763323
2.660642
2.515681
2.271059
2.467360
2.557961
2.237838
2.745203
2.772383
3.098545
2.850903
3.237466
3.331087
3.524369
3.536449
3.294847
3.183106
3.195186
2.971704
2.914324
2.736142
2.733122
2.769363
2.681782
2.648562
2.636482
2.775403
2.597221
2.660642
2.588161
2.690842
2.784463
2.597221
3.068345
2.334479
2.382799
1.567393
1.754634
2.844863
3.026065
2.745203
3.319007
3.581749
3.479069
3.983413
3.587789
3.560609
3.370347
3.288807
3.140826
3.056265
2.896204
2.826743
2.929424
2.881104
2.790503
2.908284
2.645542
2.739162
2.518701
2.736142
2.687822
2.425080
2.645542
2.391860
2.648562
2.908284
2.992844
3.029085
3.470008
3.427728
3.750871
3.678390
3.400548
3.258607
2.838823
3.050225
3.007945
2.778423
2.802583
2.711982
2.754262
2.715002
2.938484
2.705942
2.887144
2.476420
3.294847
2.708962
2.799563
2.730102
2.790503
2.929424
2.808623
2.754262
2.796543
2.808623
2.992844
2.787483
2.995864
3.007945
3.512289
2.657622
2.280119
2.107977
3.146866
2.896204
3.219346
3.319007
3.379408
3.865632
3.436788
6.432652
3.729730
4.681038
4.333735
4.611578
4.943780
4.448496
4.629698
4.258235
3.886772
3.702550
3.563629
3.343167
3.104585
3.113646
3.026065
2.962644
3.128746
2.974724
3.023045
3.023045
2.998884
2.968684
3.361287
2.727082
2.802583
3.062305
3.267667
3.192166
3.382428
3.977372
3.385448
5.357524
3.910932
6.118570
5.076662
4.511917
5.505505
5.577986
5.206522
4.970961
6.055150
5.852808
5.626306
5.526645
6.106490
6.647074
6.402452
6.444733
6.275611
6.387352
6.523253
6.743715
6.792036
7.012497
7.145379
7.130278
7.335640
7.094038
7.136318
7.320540
7.232959
7.278259
7.272220
7.130278
6.795055
6.659154
6.441713
6.037029
6.064209
5.895088
5.738047
5.481345
5.602146
5.556845
5.541745
5.520605
5.499465
5.345444
5.085721
4.620638
4.478697
4.403196
3.986433
3.862612
3.476048
3.264647
3.004925
2.887144
2.748222
2.603261
2.515681
2.494540
2.576081
2.548901
2.663662
2.639502
2.554941
2.379779
2.588161
2.693862
2.696882
2.941504
2.615341
2.400920
1.670074
2.422060
2.953584
3.053245
3.098545
2.524741
2.600241
2.678762
2.902244
2.600241
2.663662
2.609301
2.618361
2.887144
3.186126
2.832783
2.391860
2.672722
2.271059
2.808623
2.446220
2.793523
2.715002
3.325047
2.533801
3.152906
2.627421
2.702922
2.696882
3.246526
2.645542
3.062305
2.409980
2.434140
2.621382
2.663662
2.696882
2.648562
2.896204
2.591181
2.612321
2.772383
3.294847
2.452260
2.340519
2.515681
2.678762
2.974724
2.808623
2.911304
3.010965
3.010965
2.503600
2.536821
3.355247
2.705942
2.086837
2.896204
2.564001
2.968684
3.092505
2.911304
3.062305
3.309947
3.116665
3.545509
3.418668
3.566649
3.554569
3.968313
3.394508
3.539469
3.621010
3.303907
3.983413
3.527389
3.687450
3.421688
2.926404
3.720670
3.442828
3.965292
3.968313
3.083445
3.717650
3.738791
3.346187
3.026065
3.134786
3.415648
3.569669
4.182734
3.506249
3.309947
4.487757
3.799191
3.358268
3.370347
3.482089
4.043813
3.454908
4.502857
3.756911
3.971333
3.874692
3.956232
4.052873
3.889792
3.953212
3.772011
4.267295
3.880732
4.197834
3.705570
3.989453
3.536449
3.545509
3.403568
2.920364
2.941504
2.911304
2.923384
2.853923
2.811643
2.715002
2.718022
2.778423
2.675742
2.778423
3.010965
3.134786
2.914324
3.149886
2.878083
4.832039
3.971333
4.409236
4.508897
2.802583
4.098174
3.237466
3.627050
2.666682
3.334107
3.201226
3.240486
3.189146
3.204246
3.065325
3.044185
3.071365
3.050225
3.026065
2.995864
2.872043
2.956604
3.491148
3.473028
3.672350
3.633090
3.602890
3.524369
2.823723
3.131766
3.017005
3.116665
2.715002
2.736142
3.071365
2.941504
3.273707
2.781443
3.013985
3.038145
3.300887
3.231426
3.300887
3.343167
3.412628
3.297867
3.255587
3.358268
3.306927
3.071365
3.065325
3.059285
3.092505
3.071365
3.001904
3.119685
2.986804
3.113646
3.080425
3.083445
3.149886
3.255587
3.312967
3.249547
3.174046
3.225386
3.309947
3.243506
3.062305
3.152906
3.013985
3.041165
2.902244
3.071365
2.947544
3.010965
3.035125
3.041165
2.992844
3.198206
3.198206
3.288807
3.210286
3.533429
3.530409
4.070993
3.633090
3.838451
3.611949
3.388468
3.403568
2.995864
2.748222
2.721042
2.618361
2.557961
2.512661
2.545881
2.473400
2.425080
2.521721
2.431120
2.512661
2.428100
2.500581
2.443200
2.588161
2.494540
2.509640
2.518701
2.512661
2.524741
2.560981
2.533801
2.482460
2.443200
2.509640
2.500581
2.600241
2.545881
2.521721
2.554941
0.000000
0.000000
0.000000
0.000000
0.000000
0.000000
0.000000
0.000000
0.000000
0.000000
0.000000
0.000000
0.000000
0.000000
0.000000
0.000000
0.000000
0.000000
0.000000
0.000000
0.000000
0.000000
0.000000
0.000000
0.000000
0.000000
0.000000
0.000000
0.000000
0.000000
0.000000
0.000000
0.000000
0.000000
0.000000
0.000000
0.000000
0.000000
0.000000
0.000000
0.000000
0.000000
0.000000
0.000000
0.000000
0.000000
0.000000
0.000000
0.000000
0.000000
0.000000
0.000000
0.000000
0.000000
0.000000
0.000000
0.000000
0.000000
0.000000
0.000000
0.000000
0.000000
0.000000
0.000000
0.000000
0.000000
0.000000
0.000000
0.000000
0.000000
0.000000
0.000000
0.000000
0.000000
0.000000
0.000000
0.000000
0.000000
0.000000
0.000000
0.000000
0.000000
0.000000
0.000000
0.000000
0.000000
0.000000
0.000000
0.000000
0.000000
0.000000
0.000000
0.000000
0.000000
0.000000
0.000000
0.000000
0.000000
0.000000
0.000000
0.000000
0.000000
0.000000
0.000000
0.000000
0.000000
0.000000
0.000000
0.000000
0.000000
0.000000
0.000000
0.000000
0.000000
0.000000
0.000000
0.000000
0.000000
0.000000
0.000000
0.000000
0.000000
0.000000
0.000000
0.000000
0.000000
0.000000
0.000000
0.000000
0.000000
0.000000
0.000000
0.000000
0.000000
0.000000
0.000000
0.000000
0.000000
0.000000
0.000000
0.000000
0.000000
0.000000
0.000000
0.000000
0.000000
0.000000
0.000000
0.000000
0.000000
0.000000
0.000000
0.000000
0.000000
0.000000
0.000000
0.000000
0.000000
0.000000
0.000000
0.000000
0.000000
0.000000
0.000000
0.000000
0.000000
0.000000
0.000000
0.000000
0.000000
0.000000
0.000000
0.000000
0.000000
0.000000
0.000000
0.000000
0.000000
0.000000
0.000000
0.000000
0.000000
0.000000
0.000000
0.000000
0.000000
0.000000
0.000000
0.000000
0.000000
0.000000
0.000000
0.000000
0.000000
0.000000
0.000000
0.000000
0.000000
0.000000
0.000000
0.000000
0.000000
0.000000
0.000000
0.000000
0.000000
0.000000
0.000000
0.000000
0.000000
0.000000
0.000000
0.000000
0.000000
0.000000
0.000000
0.000000
0.000000
0.000000
0.000000
0.000000
0.000000
0.000000
0.000000
0.000000
0.000000
0.000000
0.000000
0.000000
0.000000
0.000000
0.000000
0.000000
0.000000
0.000000
0.000000
0.000000
0.000000
0.000000
0.000000
0.000000
0.000000
0.000000
0.000000
0.000000
0.000000
0.000000
0.000000
0.000000
0.000000
0.000000
0.000000
0.000000
0.000000
0.000000
0.000000
0.000000
0.000000
0.000000
0.000000
0.000000
0.000000
0.000000
0.000000
0.000000
0.000000
0.000000
0.000000
0.000000
0.000000
0.000000
0.000000
0.000000
0.000000
0.000000
0.000000
0.000000
0.000000
0.000000
0.000000
0.000000
0.000000
0.000000
0.000000
0.000000
0.000000
0.000000
0.000000
0.000000
0.000000
0.000000
0.000000
0.000000
0.000000
0.000000
0.000000
0.000000
0.000000
0.000000
0.000000
0.000000
0.000000
0.000000
0.000000
0.000000
0.000000
0.000000
0.000000
0.000000
0.000000
0.000000
0.000000
0.000000
0.000000
0.000000
0.000000
0.000000
0.000000
0.000000
0.000000
0.000000
0.000000
0.000000
0.000000
0.000000
0.000000
0.000000
0.000000
0.000000
0.000000
0.000000
0.000000
0.000000
0.000000
0.000000
0.000000
0.000000
0.000000
0.000000
0.000000
0.000000
0.000000
0.000000
0.000000
0.000000
0.000000
0.000000
0.000000
0.000000
0.000000
0.000000
0.000000
0.000000
0.000000
0.000000
0.000000
0.000000
0.000000
0.000000
0.000000
0.000000
0.000000
0.000000
0.000000
0.000000
0.000000
0.000000
0.000000
0.000000
0.000000
0.000000
0.000000
0.000000
0.000000
0.000000
0.000000
0.000000
0.000000
0.000000
0.000000
0.000000
0.000000
0.000000
0.000000
0.000000
0.000000
0.000000
0.000000
0.000000
0.000000
0.000000
0.000000
0.000000
0.000000
0.000000
0.000000
0.000000
0.000000
0.000000
0.000000
0.000000
0.000000
0.000000
0.000000
0.000000
0.000000
0.000000
0.000000
0.000000
0.000000
0.000000
0.000000
0.000000
0.000000
0.000000
0.000000
0.000000
0.000000
0.000000
0.000000
0.000000
0.000000
0.000000
0.000000
0.000000
0.000000
0.000000
0.000000
0.000000
0.000000
0.000000
0.000000
0.000000
0.000000
0.000000
0.000000
0.000000
0.000000
0.000000
0.000000
0.000000
0.000000
0.000000
0.000000
0.000000
0.000000
0.000000
0.000000
0.000000
0.000000
0.000000
0.000000
0.000000
0.000000
0.000000
0.000000
0.000000
0.000000
0.000000
0.000000
0.000000
0.000000
0.000000
0.000000
0.000000
0.000000
0.000000
0.000000
0.000000
0.000000
0.000000
0.000000
0.000000
0.000000
0.000000
0.000000
0.000000
0.000000
0.000000
0.000000
0.000000
0.000000
0.000000
0.000000
0.000000
0.000000
0.000000
0.000000
0.000000
0.000000
0.000000
0.000000
0.000000
0.000000
0.000000
0.000000
0.000000
0.000000
0.000000
0.000000
0.000000
0.000000
0.000000
0.000000
0.000000
0.000000
0.000000
0.000000
0.000000
0.000000
0.000000
0.000000
0.000000
0.000000
0.000000
0.000000
0.000000
0.000000
0.000000
0.000000
0.000000
0.000000
0.000000
0.000000
0.000000
0.000000
0.000000
0.000000
0.000000
0.000000
0.000000
0.000000
0.000000
0.000000
0.000000
0.000000
0.000000
0.000000
0.000000
0.000000
0.000000
0.000000
0.000000
0.000000
0.000000
0.000000
0.000000
0.000000
0.000000
0.000000
0.000000
0.000000
0.000000
0.000000
0.000000
0.000000
0.000000
0.000000
0.000000
0.000000
0.000000
0.000000
0.000000
0.000000
0.000000
0.000000
0.000000
0.000000
