0.000132
0.000316
0.000312
-0.000240
-0.000052
0.000337
-0.000234
-0.000599
-0.000150
0.000148
-0.000168
0.000619
0.001298
0.000702
0.000098
0.000177
0.000497
0.000632
0.000590
0.000626
0.000678
0.000167
0.000931
0.004249
0.007789
0.011348
0.016878
0.024900
0.031855
0.038117
0.042141
0.043424
0.041019
0.038374
0.033628
0.026010
0.018500
0.011427
0.003648
-0.005050
-0.012478
-0.020012
-0.028450
-0.036554
-0.044894
-0.053618
-0.061280
-0.064451
-0.048585
-0.047430
-0.057593
-0.050701
-0.043414
-0.027581
-0.015939
-0.020290
-0.019457
-0.009157
0.000297
0.005589
0.006401
0.012512
0.013500
0.013934
0.009426
0.009626
0.010078
0.010489
0.015436
0.013302
0.011147
0.009526
0.005646
0.005367
0.007593
0.005917
0.004534
0.003577
0.002037
0.001803
0.002119
0.001868
0.002801
0.003746
0.003701
0.003151
0.002720
0.003041
0.003717
0.003966
0.003509
0.002829
0.002492
0.002765
0.003467
0.003578
0.003041
0.002004
0.001416
0.002032
0.002578
0.002451
0.001771
0.000782
0.000710
0.000978
0.001129
0.000932
0.000858
0.000461
0.000348
0.000530
0.000450
0.000517
0.000788
0.000341
0.000334
0.000712
0.000910
0.000715
0.001050
0.001282
0.000660
0.000797
0.001256
0.002863
0.006470
0.010930
0.014834
0.020825
0.027764
0.034225
0.040772
0.048437
0.055861
0.062265
0.068224
0.073042
0.075414
0.075322
0.073409
0.069426
0.064110
0.059196
0.054995
0.050674
0.046372
0.042142
0.039132
0.036333
0.033273
0.031787
0.029435
0.026712
0.024629
0.023278
0.016043
0.014882
0.014051
0.013159
0.012192
0.011366
0.010676
0.010101
0.009579
0.009069
0.005568
0.005121
0.006797
0.006901
0.007003
0.006652
0.004028
0.003627
0.003170
0.004655
0.005029
0.003560
0.003756
0.003670
0.004971
0.004548
0.003166
0.003111
0.003042
0.002972
0.002738
0.001976
0.001370
0.001030
0.001078
0.001099
0.001109
0.000933
0.000295
-0.000380
-0.000782
-0.000985
-0.000800
-0.000451
-0.000037
0.000238
-0.000021
-0.000097
-0.000047
0.000024
0.000146
0.000439
0.000523
0.000562
0.000637
0.000698
0.000798
0.001162
0.001465
0.001562
0.001624
0.001790
0.001797
0.001675
0.001716
0.001846
0.002058
0.002284
0.002167
0.001736
0.001814
0.002184
0.002669
0.002985
0.003244
0.003750
0.004477
0.005430
0.006273
0.007100
0.007726
0.008314
0.008965
0.009706
0.010247
0.010490
0.010171
0.009494
0.008674
0.007824
0.010088
0.005261
0.003820
0.002175
0.000231
-0.001814
-0.003800
-0.005282
-0.006358
-0.007436
-0.008439
-0.009389
-0.010452
-0.017922
-0.020231
-0.013908
-0.013884
-0.013834
-0.014009
-0.021482
-0.021476
-0.019504
-0.016621
-0.014623
-0.012502
-0.009653
-0.005588
-0.001590
0.001116
0.002576
0.003676
0.005404
0.006918
0.007885
0.007343
0.006619
0.006260
0.006366
0.006199
0.005499
0.004399
0.003522
0.003113
0.002807
0.002192
0.001600
0.001102
0.001180
0.001354
0.001344
0.001195
0.001097
0.000839
0.000878
0.001191
0.001297
0.001173
0.001016
0.000867
0.000876
0.000784
0.000752
0.000887
0.001017
0.002413
0.005860
0.010263
0.015220
0.021300
0.028123
0.035117
0.042166
0.049307
0.056368
0.061135
0.067228
0.072017
0.074660
0.075077
0.071426
0.067170
0.063809
0.072296
0.052323
0.048681
0.044583
0.040224
0.037741
0.035938
0.032297
0.029319
0.028467
0.026536
0.023880
0.022985
0.021860
0.019719
0.018139
0.017798
0.015840
0.014726
0.014307
0.012190
0.010217
0.010174
0.009948
0.008018
0.008312
0.008391
0.006849
0.005628
0.006130
0.004035
0.003466
0.003373
0.003617
0.003646
0.003280
0.002660
0.002377
0.002500
0.002561
0.002031
0.000793
0.000549
0.001089
0.001362
0.001410
0.000639
0.000397
0.000197
0.000678
0.001367
0.001262
0.001224
0.001060
0.001153
0.000751
0.000783
0.000815
0.000838
0.000805
0.000543
0.000211
0.000252
0.000237
0.000262
0.000320
0.000430
0.000405
0.000118
0.000097
0.000212
0.000368
0.000536
0.000711
0.000475
0.000001
-0.000158
-0.000058
0.000229
0.000533
0.000796
0.000591
0.000214
-0.000327
-0.000609
-0.000637
-0.000197
0.000459
0.000565
0.000423
0.000488
0.000270
-0.000158
-0.000433
-0.000425
-0.000310
-0.000050
0.000232
0.000324
-0.000084
-0.000409
-0.000488
-0.000254
0.000056
0.000184
-0.000004
-0.000318
-0.000601
-0.000671
-0.000560
-0.000429
-0.000409
-0.000447
-0.000435
-0.000343
-0.000277
-0.000204
0.000051
0.000277
0.000484
0.000544
0.000249
-0.000086
-0.000118
-0.000049
0.000227
0.000443
0.000335
-0.000003
-0.000310
-0.000300
-0.000100
-0.000028
-0.000129
-0.000215
-0.000193
-0.000130
-0.000228
-0.000298
-0.000094
0.000253
0.000680
0.000704
0.000379
0.000283
0.000202
0.000338
0.000442
0.000198
-0.000082
-0.000125
-0.000119
-0.000090
-0.000364
-0.000476
-0.000331
-0.000145
0.000038
-0.000020
0.000015
0.000217
0.000480
0.000666
0.000485
0.000268
0.000181
0.000156
0.000215
0.000085
-0.000252
-0.000411
-0.000408
-0.000328
-0.000350
-0.000694
-0.000940
-0.000953
-0.000787
-0.000591
-0.000740
-0.000963
-0.000987
-0.000879
-0.000655
-0.000549
-0.000552
-0.000226
0.000068
0.000247
0.000095
-0.000025
0.000099
0.000371
0.000725
0.000800
0.000591
0.000548
0.000688
0.000957
0.001128
0.000925
0.000544
0.000546
0.000759
0.001078
0.001078
0.000790
0.000846
0.000805
0.000660
0.000410
0.000175
0.000052
0.000113
0.000353
0.000312
-0.000105
-0.000360
-0.000453
-0.000286
-0.000053
0.000001
-0.000260
-0.000355
-0.000224
0.000007
0.000138
-0.000219
-0.000419
-0.000211
0.000004
0.000085
-0.000249
-0.000461
-0.000497
-0.000259
-0.000062
-0.000086
-0.000369
-0.000361
-0.000243
-0.000301
-0.000258
-0.000057
0.000356
0.000838
0.000928
0.000434
-0.000043
0.000025
0.000521
0.000934
0.000932
0.000468
-0.000136
-0.000332
-0.000014
0.000371
0.000321
-0.000070
-0.000601
-0.001057
-0.000247
0.000134
-0.000296
-0.000928
-0.000968
-0.000310
0.000156
-0.000011
-0.000422
-0.000550
-0.000235
0.000110
0.000149
-0.000002
-0.000208
-0.000170
0.000282
0.000597
0.000758
0.000760
0.000598
0.000564
0.000494
0.000412
0.000227
0.000254
0.000845
0.002741
0.006273
0.010092
0.014368
0.019855
0.026320
0.032454
0.038582
0.044474
0.050523
0.057046
0.064058
0.071978
0.079604
0.086169
0.116080
0.124299
0.104574
0.108569
0.112107
0.143443
0.114763
0.111518
0.129292
0.116441
0.105944
0.094174
0.069954
0.066288
0.061963
0.056922
0.053464
0.051312
0.047085
0.044046
0.042115
0.039947
0.036555
0.032960
0.027812
0.020939
0.013896
0.006074
-0.003351
-0.011981
-0.020094
-0.029180
-0.038738
-0.047216
-0.053285
-0.055113
-0.053816
-0.050048
-0.043135
-0.035672
-0.027051
-0.018359
-0.009946
-0.001659
0.008092
0.018418
0.026482
0.033673
0.038699
0.042049
0.043551
0.032246
0.031805
0.041282
0.039604
0.028279
0.026731
0.024891
0.023329
0.022685
0.022378
0.021508
0.027827
0.021698
0.021318
0.019851
0.019116
0.017913
0.016421
0.014436
0.012604
0.011471
0.010835
0.009836
0.008365
0.006850
0.004098
0.003843
0.003857
0.005348
0.004442
0.002876
0.003084
0.003403
0.003742
0.004049
0.004370
0.005968
0.003393
0.002912
0.002715
0.002659
0.003023
0.001627
0.001448
0.001262
0.001110
0.000900
0.001124
0.000997
0.000842
0.000766
0.000667
0.000534
0.000369
0.000161
0.000057
0.000283
0.000350
0.000497
0.000527
0.000440
0.000582
0.000633
0.000620
0.000609
0.000566
0.000341
0.000179
0.000234
0.000371
0.000601
0.000662
0.000581
0.000522
0.000475
0.000357
0.000264
0.000198
0.000115
-0.000045
-0.000064
-0.000093
-0.000041
0.000070
0.000195
0.000164
-0.000005
-0.000134
-0.000140
0.000144
0.000446
0.000516
0.000547
0.000403
0.000289
0.000188
-0.000003
-0.000042
-0.000068
-0.000054
0.000037
0.000050
0.000073
-0.000041
-0.000319
-0.000112
-0.000041
0.000046
-0.000049
-0.000220
-0.000254
-0.000258
-0.000337
-0.000357
-0.000256
-0.000030
0.000276
0.000302
0.000262
0.000316
0.000528
0.000736
0.000697
0.000322
0.000058
-0.000027
0.000021
0.000298
0.000423
0.000243
0.000380
0.000473
0.000423
0.000234
-0.000064
-0.000103
-0.000031
0.000264
0.000322
0.000015
-0.000069
0.000039
0.000263
0.000219
0.000423
0.001347
0.001432
0.001569
0.001415
0.001092
0.000784
0.000743
0.000698
0.000488
-0.000070
-0.000799
-0.001123
-0.001192
-0.001002
-0.000860
-0.001128
-0.001486
-0.001483
-0.001321
-0.000994
-0.000996
-0.001130
-0.000925
-0.000438
-0.000016
0.000048
0.000500
0.000875
0.000910
0.000941
0.000760
0.000243
-0.000037
0.000276
0.000559
0.000437
0.000161
-0.000050
-0.000149
-0.000088
-0.000177
-0.000460
-0.000637
-0.000668
-0.000490
-0.000370
-0.000567
-0.000515
-0.000225
0.000015
-0.000069
-0.000290
-0.000406
-0.000132
0.000205
0.000494
0.000291
-0.000216
-0.000577
-0.000344
0.000112
0.000350
0.000001
-0.000373
-0.000522
-0.000325
0.000183
0.000332
0.000202
-0.000296
-0.000050
0.000483
0.000715
0.000317
-0.000470
-0.000845
-0.000471
-0.000288
0.000336
0.000374
-0.000323
-0.000529
0.000086
0.000129
-0.000112
-0.000097
0.000003
0.000017
0.000404
0.000473
0.000464
0.000423
-0.000109
-0.000035
0.000307
0.000207
0.000395
0.000352
0.000222
0.000043
0.000205
0.000629
0.000438
-0.000126
-0.002518
-0.006257
-0.010226
-0.014247
-0.018626
-0.024307
-0.031050
-0.037537
-0.043803
-0.050464
-0.058079
-0.066088
-0.074002
-0.081489
-0.088135
-0.094020
-0.099225
-0.103831
-0.135469
-0.140949
-0.116182
-0.148936
-0.121749
-0.123775
-0.125566
-0.127153
-0.128562
-0.224511
-0.155665
-0.144105
-0.104188
-0.119278
-0.151964
-0.102511
-0.080908
-0.106969
-0.078535
-0.051677
-0.037802
-0.044584
-0.044178
-0.047190
-0.037459
-0.036309
-0.035665
-0.033570
-0.029950
-0.026575
-0.021979
-0.015370
-0.008841
-0.002859
0.004054
0.013253
0.022686
0.032129
0.041677
0.065536
0.063548
0.053429
0.057894
0.083468
0.089883
0.095087
0.099170
0.103621
0.106671
0.080118
0.106756
0.107764
0.131847
0.101089
0.073418
0.070809
0.089155
0.099266
0.122017
0.083553
0.105884
0.059209
0.043339
0.039110
0.040731
0.028567
0.028098
0.026455
0.023075
0.020216
0.019102
0.017704
0.018246
0.014064
0.013570
0.012792
0.015831
0.015136
0.014195
0.011420
0.007812
0.004270
-0.000407
-0.006024
-0.010581
-0.015345
-0.020515
-0.025446
-0.029978
-0.035137
-0.040534
-0.045485
-0.048640
-0.051400
-0.054287
-0.057287
-0.060117
-0.063312
-0.066313
-0.069112
-0.072225
-0.074435
-0.076137
-0.077887
-0.079212
-0.080145
-0.081426
-0.082697
-0.083595
-0.084716
-0.085906
-0.085819
-0.086391
-0.086359
-0.083610
-0.081045
-0.077102
-0.071364
-0.066189
-0.062774
-0.058768
-0.054321
-0.050276
-0.046599
-0.042541
-0.039410
-0.037687
-0.032878
-0.028793
-0.027963
-0.026358
-0.023555
-0.022067
-0.021854
-0.020406
-0.018406
-0.015772
-0.011632
-0.006353
-0.000931
0.005618
0.012825
0.020185
0.027415
0.034514
0.042206
0.049920
0.056968
0.063345
0.068385
0.071127
0.071223
0.069762
0.066018
0.060574
0.055815
0.051835
0.047717
0.044103
0.040619
0.037089
0.034467
0.032342
0.030659
0.028955
0.028613
0.029631
0.031767
0.033750
0.037974
0.043002
0.048121
0.053727
0.060630
0.067741
0.073593
0.078843
0.082573
0.084134
0.084004
0.081423
0.095129
0.074549
0.085041
0.071835
0.054815
0.051743
0.044758
0.038958
0.035517
0.032115
0.027991
0.025637
0.023003
0.018706
0.015449
0.012251
0.008490
0.004512
0.000574
-0.003819
-0.008197
-0.011843
-0.015286
-0.018742
-0.022129
-0.025299
-0.028328
-0.031601
-0.034787
-0.037199
-0.039446
-0.041699
-0.043703
-0.045486
-0.047222
-0.048606
-0.049973
-0.050998
-0.051688
-0.052375
-0.053338
-0.054000
-0.055304
-0.056408
-0.056816
-0.057689
-0.058864
-0.058993
-0.059593
-0.060318
-0.060607
-0.061065
-0.061948
-0.062575
-0.062758
-0.063416
-0.064558
-0.063873
-0.063993
-0.064455
-0.063728
-0.062659
-0.062298
-0.061091
-0.059404
-0.057691
-0.057049
-0.051424
-0.044159
-0.041042
-0.038151
-0.034578
-0.031441
-0.028510
-0.025648
-0.023077
-0.020247
-0.016725
-0.013250
-0.008716
-0.003362
0.002566
0.009153
0.016364
0.023978
0.031027
0.037970
0.045346
0.052833
0.060851
0.068760
0.076736
0.083880
0.090252
0.095894
0.100887
0.105308
0.109221
0.112350
0.114152
0.113752
0.110822
0.129974
0.118818
0.145753
0.098144
0.104452
0.083191
0.051296
0.047095
0.042996
0.040683
0.038579
0.035067
0.032236
0.030199
0.026831
0.019288
0.019682
0.019536
0.018783
0.017140
0.015946
0.016015
0.015646
0.014363
0.012809
0.011535
0.010612
0.010142
0.009193
0.008124
0.010536
0.007330
0.008345
0.007135
0.007862
0.007030
0.005972
0.005451
0.005076
0.004800
0.004673
0.004141
0.003622
0.003212
0.002582
0.002530
0.002441
0.002052
0.000563
-0.002044
-0.006684
-0.011856
-0.017309
-0.023338
-0.030512
-0.037428
-0.044430
-0.051711
-0.059319
-0.066773
-0.074609
-0.082042
-0.088620
-0.094448
-0.099609
-0.104175
-0.108215
-0.111795
-0.114966
-0.146937
-0.171513
-0.132154
-0.097416
-0.090247
-0.084024
-0.096439
-0.086025
-0.062611
-0.054788
-0.048775
-0.045629
-0.042880
-0.039894
-0.037612
-0.036642
-0.033083
-0.030321
-0.028753
-0.020841
-0.019429
-0.023753
-0.023023
-0.015405
-0.013264
-0.011927
-0.011469
-0.011579
-0.011464
-0.010820
-0.010338
-0.013042
-0.013066
-0.011840
-0.011146
-0.010472
-0.009181
-0.008496
-0.007628
-0.006938
-0.007150
-0.006248
-0.004771
-0.004731
-0.004302
-0.002955
-0.002563
-0.002973
-0.002236
-0.001635
-0.001317
0.000554
0.003677
0.006996
0.010616
0.015872
0.022098
0.028478
0.034974
0.041928
0.049096
0.056118
0.063448
0.071366
0.079148
0.086063
0.092183
0.097602
0.102397
0.106645
0.110404
0.113728
0.144934
0.114592
0.112727
0.108026
0.125522
0.093268
0.126038
0.098780
0.088033
0.058399
0.052186
0.061423
0.054712
0.048203
0.036683
0.034801
0.031837
0.028604
0.025551
0.017617
0.022161
0.015563
0.014847
0.014317
0.013995
0.013825
0.013638
0.013008
0.012262
0.011830
0.011092
0.010085
0.009682
0.009794
0.009306
0.008338
0.007246
0.008750
0.008421
0.007650
0.006865
0.006257
0.005415
0.004624
0.004676
0.004468
0.004300
0.003791
0.003178
0.002617
0.002476
0.002238
0.001787
0.001102
-0.001196
-0.005378
-0.009556
-0.013759
-0.019942
-0.027341
-0.033955
-0.040228
-0.046734
-0.053733
-0.060793
-0.068568
-0.076589
-0.083797
-0.090177
-0.095824
-0.100824
-0.105253
-0.109172
-0.141111
-0.116127
-0.115617
-0.137279
-0.127384
-0.094599
-0.108256
-0.097510
-0.087820
-0.064029
-0.058654
-0.055325
-0.052608
-0.048935
-0.045046
-0.042856
-0.040239
-0.036761
-0.034902
-0.025040
-0.023824
-0.029585
-0.027915
-0.026168
-0.016851
-0.015011
-0.013748
-0.012801
-0.012372
-0.011793
-0.011706
-0.014513
-0.013673
-0.013246
-0.012513
-0.011297
-0.010922
-0.009502
-0.008352
-0.007685
-0.006698
-0.006574
-0.006675
-0.005064
-0.003831
-0.003956
-0.003454
-0.002159
-0.002181
-0.001876
-0.001460
-0.001480
-0.001225
0.000623
0.003469
0.006485
0.009936
0.014666
0.020762
0.027164
0.033715
0.039854
0.046521
0.053461
0.060691
0.068768
0.076857
0.084031
0.090387
0.096011
0.100988
0.105400
0.109301
0.112759
0.115470
0.116108
0.115480
0.111440
0.130071
0.118439
0.104862
0.127385
0.098697
0.078337
0.058277
0.047246
0.044898
0.049993
0.036487
0.033900
0.031008
0.026088
0.022327
0.021407
0.015109
0.013574
0.012612
0.012536
0.012652
0.012619
0.012337
0.012101
0.011614
0.011002
0.010221
0.009681
0.009491
0.009538
0.008751
0.007823
0.007092
0.006891
0.006475
0.008338
0.007757
0.007539
0.006382
0.005750
0.005619
0.005042
0.004641
0.004594
0.003552
0.003350
0.003301
0.002946
0.002627
0.002223
-0.000391
-0.004366
-0.007805
-0.012818
-0.019646
-0.026626
-0.033051
-0.039810
-0.047254
-0.055348
-0.063641
-0.071665
-0.079325
-0.086216
-0.092318
-0.097720
-0.102502
-0.106736
-0.110486
-0.113793
-0.116656
-0.146092
-0.137756
-0.104301
-0.098476
-0.113469
-0.102124
-0.090545
-0.065437
-0.060374
-0.055718
-0.052150
-0.049278
-0.046733
-0.043166
-0.039314
-0.037316
-0.026478
-0.024885
-0.023181
-0.021995
-0.021418
-0.020391
-0.018613
-0.017084
-0.016192
-0.015469
-0.014892
-0.014011
-0.013381
-0.013246
-0.012288
-0.011560
-0.014302
-0.013363
-0.012442
-0.010889
-0.009656
-0.008847
-0.008055
-0.007057
-0.006817
-0.006586
-0.005587
-0.004232
-0.004100
-0.004122
-0.003582
-0.002977
-0.002432
-0.002108
-0.001481
-0.000560
0.001051
0.003518
0.007112
0.011569
0.017286
0.023798
0.030597
0.037302
0.044675
0.052596
0.060159
0.066620
0.071382
0.075348
0.076319
0.073853
0.069377
0.065359
0.061234
0.056044
0.050915
0.046533
0.042942
0.038994
0.035662
0.033854
0.031190
0.028702
0.026897
0.024790
0.023065
0.021466
0.019902
0.018085
0.017029
0.015627
0.014131
0.014010
0.014688
0.016694
0.019718
0.024424
0.029661
0.035418
0.041144
0.047390
0.054837
0.062516
0.069407
0.075936
0.080404
0.082141
0.081429
0.079435
0.094599
0.089421
0.076216
0.055392
0.052306
0.047250
0.041403
0.037514
0.033796
0.028921
0.026487
0.019048
0.018180
0.022239
0.020208
0.014004
0.016827
0.012443
0.013197
0.013431
0.012424
0.011338
0.009701
0.009584
0.006120
0.006163
0.006070
0.006022
0.008553
0.006731
0.005155
0.002970
0.002767
0.002548
0.003100
0.002076
0.001677
0.002330
0.002290
0.001340
0.001707
0.002003
0.002416
0.002521
0.002145
0.001731
0.002206
0.002568
0.002488
0.002196
0.001942
0.001625
0.001425
0.001281
0.001665
0.001615
0.001209
0.000909
0.001109
0.001212
0.001090
0.000810
0.000443
0.000357
0.000421
0.000223
0.000433
0.000502
0.000450
0.000299
0.000467
0.000988
0.000762
0.000323
0.000425
-0.000009
0.000123
0.000299
0.000090
-0.000284
0.000061
0.000096
0.000646
0.000801
0.001211
0.001417
0.003089
0.006470
0.010576
0.015749
0.022219
0.028726
0.035022
0.040205
0.044696
0.048176
0.050166
0.049018
0.048036
0.045888
0.043085
0.039808
0.037227
0.035088
0.032144
0.031126
0.023069
0.022522
0.028368
0.026112
0.025521
0.024103
0.016869
0.015694
0.014834
0.014430
0.014163
0.013790
0.013556
0.013190
0.008564
0.008460
0.008526
0.008768
0.013048
0.011589
0.010549
0.009758
0.006284
0.006103
0.006139
0.008586
0.007278
0.006752
0.004443
0.004557
0.004612
0.006254
0.004975
0.003879
0.002001
0.001539
0.001263
0.001313
0.001857
0.001526
0.001827
0.002117
0.002185
0.002216
0.002201
0.002045
0.002019
0.002121
0.002478
0.002954
0.005445
0.004097
0.004179
0.004100
0.003942
0.003774
0.003780
0.004029
0.004211
0.004198
0.004145
0.004094
0.003928
0.003703
0.003843
0.004381
0.004922
0.005344
0.005693
0.005612
0.005172
0.005178
0.005059
0.005073
0.005024
0.004930
0.004467
0.004078
0.003669
0.003344
0.003254
0.003318
0.003304
0.003154
0.003012
0.002894
0.002829
0.002727
0.002515
0.002357
0.002265
0.002296
0.002324
0.002169
0.001852
0.001828
0.001950
0.002314
0.002725
0.002828
0.002664
0.002840
0.003061
0.003314
0.003516
0.003496
0.003423
0.003392
0.003477
0.003629
0.003616
0.003363
0.003068
0.002983
0.003052
0.003236
0.003260
0.003400
0.003657
0.004026
0.004436
0.004648
0.004466
0.004329
0.004493
0.004699
0.004892
0.004736
0.004336
0.004238
0.004275
0.004293
0.003973
0.003502
0.003207
0.003011
0.002861
0.002577
0.002106
0.001749
0.001649
0.001841
0.002132
0.002221
0.002119
0.002499
0.003060
0.003588
0.003759
0.003617
0.003560
0.003605
0.003603
0.003393
0.003025
0.002836
0.002697
0.002698
0.002625
0.002369
0.002220
0.002375
0.002766
0.003079
0.003046
0.002857
0.002958
0.003130
0.003247
0.003179
0.003028
0.003050
0.003200
0.003402
0.003397
0.003320
0.003505
0.003637
0.003578
0.003397
0.003356
0.003504
0.003663
0.003643
0.003448
0.003248
0.003155
0.003289
0.003543
0.003749
0.003906
0.004247
0.004776
0.005393
0.005875
0.006211
0.006634
0.007244
0.007860
0.008431
0.008893
0.009235
0.009503
0.009884
0.010288
0.010695
0.011125
0.011314
0.011433
0.011753
0.012029
0.012163
0.012294
0.012360
0.012383
0.012594
0.012859
0.012987
0.013054
0.013086
0.013062
0.012982
0.013012
0.013139
0.013239
0.013139
0.012940
0.012891
0.012959
0.013064
0.013141
0.013214
0.013235
0.013220
0.013132
0.013108
0.013230
0.013336
0.013371
0.013357
0.013280
0.013267
0.013417
0.013643
0.013835
0.013773
0.013556
0.020318
0.020461
0.020505
0.020336
0.019808
0.019837
0.019810
0.019589
0.019251
0.018843
0.018804
0.018718
0.018378
0.017780
0.017010
0.016774
0.017086
0.016870
0.016404
0.020910
0.020196
0.020126
0.019773
0.019364
0.018651
0.017812
0.017298
0.016898
0.016355
0.015890
0.015449
0.014774
0.014352
0.014223
0.014067
0.017232
0.013844
0.013966
0.013595
0.013406
0.013397
0.016703
0.016726
0.014717
0.015172
0.014764
0.015103
0.017105
0.019701
0.022326
0.025512
0.030548
0.036389
0.041874
0.047315
0.052394
0.105540
0.071551
0.079338
0.086229
0.115848
0.121723
0.123290
0.121475
0.121332
0.142761
0.121142
0.126380
0.131073
0.108020
0.107990
0.106377
0.077487
0.096092
0.085630
0.094109
0.064548
0.054401
0.052825
0.030345
0.020280
0.011033
0.000953
-0.006824
-0.013504
-0.020813
-0.027663
-0.033778
-0.041095
-0.048113
-0.055158
-0.063588
-0.072247
-0.079950
-0.086770
-0.092806
-0.098152
-0.102883
-0.134434
-0.111568
-0.140347
-0.108459
-0.172164
-0.086227
-0.077509
-0.067386
-0.069652
-0.055905
-0.042684
-0.025327
-0.017992
-0.011404
-0.004357
0.004531
0.014093
0.022099
0.029170
0.036291
0.056414
0.055331
0.064546
0.072385
0.078871
0.084490
0.090090
0.094990
0.098044
0.125275
0.104273
0.106032
0.106821
0.109035
0.111395
0.109925
0.106775
0.101199
0.113908
0.080506
0.072274
0.078416
0.051094
0.041921
0.034319
0.025803
0.016524
0.008881
0.000648
-0.007637
-0.015295
-0.022655
-0.030906
-0.039938
-0.048097
-0.055225
-0.063944
-0.072592
-0.080260
-0.087044
-0.093052
-0.098373
-0.103081
-0.107246
-0.110935
-0.114205
-0.116385
-0.115501
-0.110526
-0.126978
-0.113204
-0.096744
-0.079674
-0.064167
-0.042000
-0.033558
-0.023606
-0.014891
-0.007406
0.000262
0.008536
0.017797
0.026862
0.035921
0.044439
0.053558
0.063257
0.071991
0.079727
0.086578
0.092564
0.097337
0.101762
0.106048
0.108918
0.111999
0.114888
0.114631
0.111092
0.105954
0.099159
0.111366
0.095118
0.065955
0.057944
0.049892
0.040987
0.031449
0.022149
0.014459
0.005817
-0.002889
-0.011528
-0.020573
-0.030217
-0.038873
-0.046279
-0.053787
-0.058353
-0.060470
-0.046023
-0.045847
-0.058834
-0.055803
-0.039249
-0.036958
-0.034711
-0.033367
-0.032830
-0.032937
-0.033471
-0.034751
-0.036134
-0.036563
-0.036678
-0.036509
-0.035308
-0.033302
-0.030592
-0.026720
-0.021605
-0.016234
-0.011465
-0.007070
-0.002571
0.002195
0.007245
0.011998
0.016104
0.019160
0.019793
0.018370
0.017230
0.015192
0.012542
0.009399
0.005393
0.000517
-0.004533
-0.009148
-0.012740
-0.017285
-0.021658
-0.024590
-0.034817
-0.026997
-0.026759
-0.024252
-0.019262
-0.015166
-0.011474
-0.008270
-0.005010
0.004912
0.010316
0.015317
0.019866
0.023087
0.031974
0.023514
0.022471
0.020621
0.017280
0.016576
0.009301
0.002545
-0.001540
-0.008060
-0.011246
-0.015439
-0.018909
-0.021821
-0.024307
-0.032400
-0.028959
-0.023996
-0.014199
-0.011059
-0.008734
-0.000580
0.004947
0.008728
0.012199
0.015995
0.019656
0.021732
0.022426
0.022826
0.022669
0.020410
0.016589
0.013164
0.009213
0.005486
0.001399
-0.003515
-0.008194
-0.011966
-0.015580
-0.019681
-0.023685
-0.024754
-0.032258
-0.029997
-0.019908
-0.015901
-0.012443
-0.004035
-0.000109
0.003670
0.008762
0.013722
0.016885
0.018893
0.020109
0.021390
0.021916
0.020561
0.019903
0.018422
0.016920
0.014735
0.011462
0.007800
0.005577
0.003516
0.000998
-0.001072
-0.003207
-0.004713
-0.005509
-0.006328
-0.008060
-0.009640
-0.010301
-0.010917
-0.011417
-0.012043
-0.012704
-0.012811
-0.012966
-0.013722
-0.014487
-0.015261
-0.015928
-0.016202
-0.016748
-0.017057
-0.017649
-0.018397
-0.018999
-0.019324
-0.019603
-0.020325
-0.020161
-0.020310
-0.020592
-0.020778
-0.020984
-0.021415
-0.021806
-0.021457
-0.021239
-0.021294
-0.021479
-0.022096
-0.022496
-0.022478
-0.021844
-0.021535
-0.021659
-0.021918
-0.021978
-0.021608
-0.028743
-0.029036
-0.028883
-0.028724
-0.028627
-0.028294
-0.027813
-0.027234
-0.026410
-0.025954
-0.025529
-0.024897
-0.024475
-0.024067
-0.023359
-0.022962
-0.022967
-0.022866
-0.022537
-0.022488
-0.022381
-0.022081
-0.021957
-0.022071
-0.021982
-0.021714
-0.021870
-0.022317
-0.022352
-0.022080
-0.022289
-0.022124
-0.021859
-0.016325
-0.020323
-0.014801
-0.007035
-0.000604
0.006367
0.015065
0.018815
0.025122
0.030429
0.035360
0.056045
0.048371
0.052928
0.056581
0.060474
0.063966
0.065668
0.066054
0.066161
0.066237
0.065849
0.084217
0.059613
0.057184
0.054313
0.051352
0.047627
0.058256
0.051118
0.032888
0.028662
0.024037
0.025673
0.021429
0.016551
0.009700
0.004217
0.002263
0.002426
0.000814
0.000232
0.001382
0.002292
0.002664
0.003732
0.004002
0.003307
0.003408
0.003322
0.002904
0.002949
0.002489
0.001656
0.001604
0.001631
0.001363
0.001424
0.001175
0.000732
0.000900
0.000935
0.000799
0.000920
0.000866
0.000235
0.000363
0.000433
0.000149
-0.000086
-0.000002
-0.000092
-0.000423
-0.000572
-0.000182
0.000479
0.000680
0.000149
-0.000306
0.000329
0.002293
0.004878
0.007933
0.011442
0.021419
0.031165
0.041513
0.050864
0.060196
0.069279
0.077025
0.083862
0.066266
0.089597
0.088076
0.086654
0.063903
0.082100
0.075839
0.088300
0.065519
0.058159
0.050531
0.043984
0.037555
0.030789
0.026164
0.016265
0.017436
0.012345
0.007564
0.002584
-0.001263
-0.003594
-0.007115
-0.010184
-0.013150
-0.016004
-0.019518
-0.021753
-0.023249
-0.024370
-0.023649
-0.016993
-0.016081
-0.014402
-0.015423
-0.011231
-0.007116
-0.002663
-0.000027
0.004765
0.009845
0.014188
0.017683
0.021202
0.024123
0.026969
0.029564
0.031752
0.033427
0.035448
0.037454
0.038267
0.038792
0.039495
0.040476
0.041621
0.042826
0.043141
0.042972
0.042037
0.040363
0.037304
0.032745
0.027947
0.022975
0.017711
0.013203
0.008486
0.003825
-0.000602
-0.004815
-0.009088
-0.012554
-0.015445
-0.018601
-0.021097
-0.023471
-0.025750
-0.027568
-0.028672
-0.028320
-0.026946
-0.024419
-0.016058
-0.018134
-0.013839
-0.009465
-0.005235
-0.000941
0.003135
0.007412
0.011453
0.015328
0.018856
0.022194
0.024807
0.027427
0.029881
0.031685
0.033200
0.034489
0.035972
0.037497
0.038212
0.038881
0.040096
0.041167
0.041633
0.040533
0.038299
0.035026
0.030552
0.026705
0.022701
0.017290
0.012277
0.007856
0.003136
-0.000973
-0.004160
-0.007514
-0.011120
-0.014312
-0.017537
-0.020643
-0.023528
-0.025951
-0.027261
-0.027241
-0.020540
-0.026309
-0.023265
-0.019956
-0.015714
-0.008775
-0.006177
-0.003810
-0.001183
0.001925
0.004662
0.006719
0.009159
0.011376
0.013766
0.016415
0.018629
0.020556
0.022716
0.024508
0.025613
0.026626
0.028255
0.029694
0.030829
0.032181
0.033211
0.045426
0.046543
0.035224
0.034689
0.044269
0.041939
0.038635
0.033821
0.028096
0.022586
0.017415
0.012950
0.008609
0.004646
0.000991
-0.002763
-0.006094
-0.008975
-0.011622
-0.013620
-0.020322
-0.023228
-0.025750
-0.028560
-0.024201
-0.029272
-0.022127
-0.018917
-0.017132
-0.009555
-0.001258
0.005092
0.009282
0.016031
0.019006
0.020802
0.017644
0.017728
0.017650
0.017869
0.021717
0.020313
0.018958
0.017613
0.012748
0.012171
0.014137
0.012920
0.012255
0.011119
0.007721
0.007427
0.008935
0.008112
0.007644
0.007043
0.004464
0.004016
0.004206
0.003968
0.004562
0.004589
0.003154
0.002312
0.002026
0.002313
0.002753
0.002451
0.002529
0.001647
0.001100
0.001115
0.001403
0.001592
0.000000
0.000000
0.000000
0.000000
0.000000
0.000000
0.000000
0.000000
0.000000
0.000000
0.000000
0.000000
0.000000
0.000000
0.000000
0.000000
0.000000
0.000000
0.000000
0.000000
0.000000
0.000000
0.000000
0.000000
0.000000
0.000000
0.000000
0.000000
0.000000
0.000000
0.000000
0.000000
0.000000
0.000000
0.000000
0.000000
0.000000
0.000000
0.000000
0.000000
0.000000
0.000000
0.000000
0.000000
0.000000
0.000000
0.000000
0.000000
0.000000
0.000000
0.000000
0.000000
0.000000
0.000000
0.000000
0.000000
0.000000
0.000000
0.000000
0.000000
0.000000
0.000000
0.000000
0.000000
0.000000
0.000000
0.000000
0.000000
0.000000
0.000000
0.000000
0.000000
0.000000
0.000000
0.000000
0.000000
0.000000
0.000000
0.000000
0.000000
0.000000
0.000000
0.000000
0.000000
0.000000
0.000000
0.000000
0.000000
0.000000
0.000000
0.000000
0.000000
0.000000
0.000000
0.000000
0.000000
0.000000
0.000000
0.000000
0.000000
0.000000
0.000000
0.000000
0.000000
0.000000
0.000000
0.000000
0.000000
0.000000
0.000000
0.000000
0.000000
0.000000
0.000000
0.000000
0.000000
0.000000
0.000000
0.000000
0.000000
0.000000
0.000000
0.000000
0.000000
0.000000
0.000000
0.000000
0.000000
0.000000
0.000000
0.000000
0.000000
0.000000
0.000000
0.000000
0.000000
0.000000
0.000000
0.000000
0.000000
0.000000
0.000000
0.000000
0.000000
0.000000
0.000000
0.000000
0.000000
0.000000
0.000000
0.000000
0.000000
0.000000
0.000000
0.000000
0.000000
0.000000
0.000000
0.000000
0.000000
0.000000
0.000000
0.000000
0.000000
0.000000
0.000000
0.000000
0.000000
0.000000
0.000000
0.000000
0.000000
0.000000
0.000000
0.000000
0.000000
0.000000
0.000000
0.000000
0.000000
0.000000
0.000000
0.000000
0.000000
0.000000
0.000000
0.000000
0.000000
0.000000
0.000000
0.000000
0.000000
0.000000
0.000000
0.000000
0.000000
0.000000
0.000000
0.000000
0.000000
0.000000
0.000000
0.000000
0.000000
0.000000
0.000000
0.000000
0.000000
0.000000
0.000000
0.000000
0.000000
0.000000
0.000000
0.000000
0.000000
0.000000
0.000000
0.000000
0.000000
0.000000
0.000000
0.000000
0.000000
0.000000
0.000000
0.000000
0.000000
0.000000
0.000000
0.000000
0.000000
0.000000
0.000000
0.000000
0.000000
0.000000
0.000000
0.000000
0.000000
0.000000
0.000000
0.000000
0.000000
0.000000
0.000000
0.000000
0.000000
0.000000
0.000000
0.000000
0.000000
0.000000
0.000000
0.000000
0.000000
0.000000
0.000000
0.000000
0.000000
0.000000
0.000000
0.000000
0.000000
0.000000
0.000000
0.000000
0.000000
0.000000
0.000000
0.000000
0.000000
0.000000
0.000000
0.000000
0.000000
0.000000
0.000000
0.000000
0.000000
0.000000
0.000000
0.000000
0.000000
0.000000
0.000000
0.000000
0.000000
0.000000
0.000000
0.000000
0.000000
0.000000
0.000000
0.000000
0.000000
0.000000
0.000000
0.000000
0.000000
0.000000
0.000000
0.000000
0.000000
0.000000
0.000000
0.000000
0.000000
0.000000
0.000000
0.000000
0.000000
0.000000
0.000000
0.000000
0.000000
0.000000
0.000000
0.000000
0.000000
0.000000
0.000000
0.000000
0.000000
0.000000
0.000000
0.000000
0.000000
0.000000
0.000000
0.000000
0.000000
0.000000
0.000000
0.000000
0.000000
0.000000
0.000000
0.000000
0.000000
0.000000
0.000000
0.000000
0.000000
0.000000
0.000000
0.000000
0.000000
0.000000
0.000000
0.000000
0.000000
0.000000
0.000000
0.000000
0.000000
0.000000
0.000000
0.000000
0.000000
0.000000
0.000000
0.000000
0.000000
0.000000
0.000000
0.000000
0.000000
0.000000
0.000000
0.000000
0.000000
0.000000
0.000000
0.000000
0.000000
0.000000
0.000000
0.000000
0.000000
0.000000
0.000000
0.000000
0.000000
0.000000
0.000000
0.000000
0.000000
0.000000
0.000000
0.000000
0.000000
0.000000
0.000000
0.000000
0.000000
0.000000
0.000000
0.000000
0.000000
0.000000
0.000000
0.000000
0.000000
0.000000
0.000000
0.000000
0.000000
0.000000
0.000000
0.000000
0.000000
0.000000
0.000000
0.000000
0.000000
0.000000
0.000000
0.000000
0.000000
0.000000
0.000000
0.000000
0.000000
0.000000
0.000000
0.000000
0.000000
0.000000
0.000000
0.000000
0.000000
0.000000
0.000000
0.000000
0.000000
0.000000
0.000000
0.000000
0.000000
0.000000
0.000000
0.000000
0.000000
0.000000
0.000000
0.000000
0.000000
0.000000
0.000000
0.000000
0.000000
0.000000
0.000000
0.000000
0.000000
0.000000
0.000000
0.000000
0.000000
0.000000
0.000000
0.000000
0.000000
0.000000
0.000000
0.000000
0.000000
0.000000
0.000000
0.000000
0.000000
0.000000
0.000000
0.000000
0.000000
0.000000
0.000000
0.000000
0.000000
0.000000
0.000000
0.000000
0.000000
0.000000
0.000000
0.000000
0.000000
0.000000
0.000000
0.000000
0.000000
0.000000
0.000000
0.000000
0.000000
0.000000
0.000000
0.000000
0.000000
0.000000
0.000000
0.000000
0.000000
0.000000
0.000000
0.000000
0.000000
0.000000
0.000000
0.000000
0.000000
0.000000
0.000000
0.000000
0.000000
0.000000
0.000000
0.000000
0.000000
0.000000
0.000000
0.000000
0.000000
0.000000
0.000000
0.000000
0.000000
0.000000
0.000000
0.000000
0.000000
0.000000
0.000000
0.000000
0.000000
0.000000
0.000000
0.000000
0.000000
0.000000
0.000000
0.000000
0.000000
0.000000
0.000000
0.000000
0.000000
0.000000
0.000000
0.000000
0.000000
0.000000
0.000000
0.000000
0.000000
0.000000
0.000000
0.000000
0.000000
0.000000
0.000000
0.000000
0.000000
0.000000
0.000000
0.000000
0.000000
0.000000
0.000000
0.000000
0.000000
0.000000
0.000000
0.000000
0.000000
0.000000
0.000000
0.000000
0.000000
0.000000
0.000000
0.000000
0.000000
0.000000
0.000000
0.000000
0.000000
0.000000
0.000000
0.000000
0.000000
0.000000
0.000000
0.000000
0.000000
0.000000
0.000000
0.000000
0.000000
0.000000
0.000000
0.000000
0.000000
0.000000
0.000000
0.000000
0.000000
0.000000
0.000000
0.000000
0.000000
0.000000
0.000000
0.000000
0.000000
0.000000
0.000000
0.000000
0.000000
0.000000
0.000000
0.000000
0.000000
0.000000
0.000000
0.000000
0.000000
0.000000
0.000000
0.000000
0.000000
0.000000
0.000000
0.000000
0.000000
0.000000
0.000000
0.000000
0.000000
0.000000
0.000000
0.000000
0.000000
0.000000
0.000000
0.000000
0.000000
0.000000
0.000000
0.000000
0.000000
0.000000
0.000000
0.000000
0.000000
0.000000
0.000000
0.000000
0.000000
0.000000
0.000000
0.000000
0.000000
0.000000
0.000000
0.000000
0.000000
0.000000
0.000000
0.000000
0.000000
0.000000
0.000000
0.000000
0.000000
0.000000
0.000000
0.000000
0.000000
0.000000
0.000000
0.000000
0.000000
0.000000
0.000000
0.000000
0.000000
0.000000
0.000000
0.000000
0.000000
0.000000
0.000000
0.000000
0.000000
0.000000
0.000000
0.000000
0.000000
0.000000
0.000000
0.000000
0.000000
0.000000
0.000000
0.000000
0.000000
0.000000
0.000000
0.000000
0.000000
0.000000
0.000000
0.000000
0.000000
0.000000
0.000000
0.000000
0.000000
0.000000
0.000000
0.000000
0.000000
0.000000
0.000000
0.000000
0.000000
0.000000
0.000000
0.000000
0.000000
0.000000
0.000000
0.000000
0.000000
0.000000
0.000000
0.000000
0.000000
0.000000
0.000000
0.000000
0.000000
0.000000
0.000000
0.000000
0.000000
0.000000
0.000000
0.000000
0.000000
0.000000
0.000000
0.000000
0.000000
0.000000
0.000000
0.000000
0.000000
0.000000
0.000000
0.000000
0.000000
0.000000
0.000000
0.000000
0.000000
0.000000
0.000000
0.000000
0.000000
0.000000
0.000000
0.000000
0.000000
0.000000
0.000000
0.000000
0.000000
0.000000
0.000000
0.000000
0.000000
0.000000
0.000000
0.000000
0.000000
0.000000
0.000000
0.000000
0.000000
0.000000
0.000000
0.000000
0.000000
0.000000
0.000000
0.000000
0.000000
0.000000
0.000000
0.000000
0.000000
0.000000
0.000000
0.000000
0.000000
0.000000
0.000000
0.000000
0.000000
0.000000
0.000000
0.000000
0.000000
0.000000
0.000000
0.000000
0.000000
0.000000
0.000000
0.000000
0.000000
0.000000
0.000000
0.000000
0.000000
0.000000
0.000000
0.000000
0.000000
0.000000
0.000000
0.000000
0.000000
0.000000
0.000000
0.000000
0.000000
0.000000
0.000000
0.000000
0.000000
0.000000
0.000000
0.000000
0.000000
0.000000
0.000000
0.000000
0.000000
0.000000
0.000000
0.000000
0.000000
0.000000
0.000000
0.000000
0.000000
0.000000
0.000000
0.000000
0.000000
0.000000
0.000000
0.000000
0.000000
0.000000
0.000000
0.000000
0.000000
0.000000
0.000000
0.000000
0.000000
0.000000
0.000000
0.000000
0.000000
0.000000
0.000000
0.000000
0.000000
0.000000
0.000000
0.000000
0.000000
0.000000
0.000000
0.000000
0.000000
0.000000
0.000000
0.000000
0.000000
0.000000
0.000000
0.000000
0.000000
0.000000
0.000000
0.000000
0.000000
0.000000
0.000000
0.000000
0.000000
0.000000
0.000000
0.000000
0.000000
0.000000
0.000000
0.000000
0.000000
0.000000
0.000000
0.000000
0.000000
0.000000
0.000000
0.000000
0.000000
0.000000
0.000000
0.000000
0.000000
0.000000
0.000000
0.000000
0.000000
0.000000
0.000000
0.000000
0.000000
0.000000
0.000000
0.000000
0.000000
0.000000
0.000000
0.000000
0.000000
0.000000
0.000000
0.000000
0.000000
0.000000
0.000000
0.000000
0.000000
0.000000
0.000000
0.000000
0.000000
0.000000
0.000000
0.000000
0.000000
0.000000
0.000000
0.000000
0.000000
0.000000
0.000000
0.000000
0.000000
0.000000
0.000000
0.000000
0.000000
0.000000
0.000000
0.000000
0.000000
0.000000
0.000000
0.000000
0.000000
0.000000
0.000000
0.000000
0.000000
0.000000
0.000000
0.000000
0.000000
0.000000
0.000000
0.000000
0.000000
0.000000
0.000000
0.000000
0.000000
0.000000
0.000000
0.000000
0.000000
0.000000
0.000000
0.000000
0.000000
0.000000
0.000000
0.000000
0.000000
0.000000
0.000000
0.000000
0.000000
0.000000
0.000000
0.000000
0.000000
0.000000
0.000000
0.000000
0.000000
0.000000
0.000000
0.000000
0.000000
0.000000
0.000000
0.000000
0.000000
0.000000
0.000000
0.000000
0.000000
0.000000
0.000000
0.000000
0.000000
0.000000
0.000000
0.000000
0.000000
0.000000
0.000000
0.000000
0.000000
0.000000
0.000000
0.000000
0.000000
0.000000
0.000000
0.000000
0.000000
0.000000
0.000000
0.000000
0.000000
0.000000
0.000000
0.000000
0.000000
0.000000
0.000000
0.000000
0.000000
0.000000
0.000000
0.000000
0.000000
0.000000
0.000000
0.000000
0.000000
0.000000
0.000000
0.000000
0.000000
0.000000
0.000000
0.000000
0.000000
0.000000
0.000000
0.000000
0.000000
0.000000
0.000000
0.000000
0.000000
0.000000
0.000000
0.000000
0.000000
0.000000
0.000000
0.000000
0.000000
0.000000
0.000000
0.000000
0.000000
0.000000
0.000000
0.000000
0.000000
0.000000
0.000000
0.000000
0.000000
0.000000
0.000000
0.000000
0.000000
0.000000
0.000000
0.000000
0.000000
0.000000
0.000000
0.000000
0.000000
0.000000
0.000000
0.000000
0.000000
0.000000
0.000000
0.000000
0.000000
0.000000
0.000000
0.000000
0.000000
0.000000
0.000000
0.000000
0.000000
0.000000
0.000000
0.000000
0.000000
0.000000
0.000000
0.000000
0.000000
0.000000
0.000000
0.000000
0.000000
0.000000
0.000000
0.000000
0.000000
0.000000
0.000000
0.000000
0.000000
0.000000
0.000000
0.000000
0.000000
0.000000
0.000000
0.000000
0.000000
0.000000
0.000000
0.000000
0.000000
0.000000
0.000000
0.000000
0.000000
0.000000
0.000000
0.000000
0.000000
0.000000
0.000000
0.000000
0.000000
0.000000
0.000000
0.000000
0.000000
0.000000
0.000000
0.000000
0.000000
0.000000
0.000000
0.000000
0.000000
0.000000
0.000000
0.000000
0.000000
0.000000
0.000000
