2.839798
3.247330
2.982400
2.969800
2.969800
2.969800
2.969800
2.969800
2.969800
2.969800
2.786200
2.786200
2.786200
2.786200
2.786200
2.786200
2.786200
3.158705
3.674133
4.194543
4.564240
5.170268
5.692083
6.004600
5.748355
5.524498
5.222853
4.968519
4.624092
4.352362
4.129430
3.799245
3.588979
3.320800
2.908600
2.798800
2.752000
2.752000
2.752000
2.752000
2.752000
2.752000
2.752000
2.752000
2.752000
2.752000
2.752000
2.752000
2.752000
2.752000
3.032800
3.032800
3.032800
3.032800
3.184692
3.677198
4.233758
4.690159
5.397434
6.222942
7.000000
7.000000
7.000000
7.000000
7.000000
7.000000
7.000000
7.000000
6.591693
6.246631
5.855871
5.525577
5.163374
4.921000
4.921000
4.921000
4.921000
4.921000
4.921000
4.921000
4.921000
4.985685
4.652873
4.397796
4.127118
4.006546
4.006546
4.006546
4.006546
3.751107
3.526942
3.331788
3.059800
2.822200
2.755600
2.755600
2.755600
2.755600
2.755600
2.755600
2.755600
2.755600
2.755600
2.755600
2.755600
2.755600
2.755600
3.094000
3.094000
3.094000
3.094000
3.282993
3.772781
4.258492
4.900715
5.424025
6.250756
7.000000
7.000000
7.000000
7.000000
7.000000
7.000000
7.000000
7.000000
7.000000
7.000000
7.000000
7.000000
7.000000
7.000000
7.000000
7.000000
7.000000
7.000000
7.000000
7.000000
7.000000
7.000000
7.000000
7.000000
7.000000
7.000000
7.000000
7.000000
7.000000
7.000000
7.000000
7.000000
7.000000
7.000000
7.000000
7.000000
7.000000
7.000000
6.547821
6.157169
5.766681
5.408065
5.064072
4.733452
4.475821
4.206773
3.891084
3.681959
3.412349
3.217032
2.968000
2.800600
2.726800
2.671000
2.671000
2.642200
2.642200
2.660200
2.660200
2.660200
2.660200
2.660200
2.660200
2.660200
2.660200
2.858200
2.858200
2.858200
2.858200
2.858200
2.858200
2.962600
2.962600
2.962600
2.962600
2.962600
2.962600
2.962600
3.151004
3.522512
4.047181
4.533934
5.406100
5.406100
5.406100
5.406100
6.012536
6.656118
7.000000
7.000000
7.000000
7.000000
7.000000
7.000000
7.000000
7.000000
7.000000
7.000000
7.000000
7.000000
7.000000
7.000000
7.000000
7.000000
7.000000
7.000000
7.000000
7.000000
7.000000
7.000000
7.000000
7.000000
7.000000
7.000000
7.000000
7.000000
7.000000
7.000000
7.000000
6.751341
6.333708
5.929158
5.521980
5.115745
4.798987
4.501273
4.170490
3.974956
3.568847
3.358653
3.149800
2.872600
2.746600
2.678200
2.647600
2.644000
2.629600
2.629600
2.629600
2.629600
2.629600
2.642200
2.642200
2.642200
2.642200
2.642200
2.642200
3.050800
3.050800
3.050800
2.770450
2.680000
2.672800
2.672800
2.672800
2.672800
2.672800
2.672800
2.672800
2.672800
2.672800
2.923000
2.923000
2.923000
2.923000
2.923000
2.923000
2.923000
2.923000
2.923000
2.923000
2.923000
2.923000
2.933800
2.887000
2.833000
2.788000
2.766400
2.744800
2.734000
2.730400
2.726800
2.726800
2.726800
2.726800
2.726800
2.726800
2.726800
2.726800
2.726800
2.726800
2.726800
2.726800
2.726800
3.030313
3.295159
3.111511
2.919963
2.786200
2.786200
2.786200
2.786200
2.786200
2.786200
2.786200
2.786200
2.786200
2.786200
2.746600
2.746600
2.746600
2.746600
2.746600
2.746600
2.746600
2.746600
2.942800
2.942800
2.942800
2.942800
2.942800
2.942800
2.942800
2.984200
2.928400
2.903200
2.872600
2.851000
2.851000
2.851000
2.851000
2.851000
2.816800
2.811400
2.807800
2.807800
2.807800
2.807800
2.807800
2.807800
2.807800
2.807800
2.807800
3.200200
3.200200
2.969899
2.840902
2.683600
2.681800
2.649400
2.649400
2.649400
2.649400
2.649400
2.649400
2.649400
2.649400
2.876200
2.876200
2.876200
2.876200
2.876200
2.876200
2.876200
2.876200
2.876200
2.876200
3.363949
3.994191
3.799871
3.608631
3.355456
3.104800
2.874400
2.752000
2.683600
2.660200
2.645800
2.645800
2.645800
2.645800
2.663800
2.663800
2.663800
2.663800
2.663800
2.663800
2.663800
2.663800
2.663800
2.663800
2.663800
2.924800
2.924800
2.924800
2.924800
3.380159
3.805838
3.549329
3.367167
3.076000
2.845600
2.737600
2.678200
2.672800
2.672800
2.672800
2.672800
2.672800
2.672800
2.672800
2.672800
2.672800
2.672800
2.854600
2.854600
2.854600
2.854600
2.854600
2.854600
2.854600
2.854600
2.854600
3.172473
3.635800
3.635800
3.635800
3.513435
3.264844
3.019044
2.847400
2.730400
2.676400
2.654800
2.644000
2.644000
2.644000
2.644000
2.660200
2.660200
2.660200
2.660200
2.660200
2.660200
2.660200
2.660200
2.660200
2.660200
2.660200
2.930200
2.930200
2.930200
2.930200
3.083361
3.799932
3.555165
3.345587
3.162211
2.908600
2.780800
2.699800
2.674600
2.674600
2.674600
2.674600
2.674600
2.674600
2.674600
2.674600
2.674600
2.674600
2.674600
2.885200
2.885200
2.885200
2.885200
2.885200
2.885200
2.885200
2.885200
2.885200
3.047285
3.543550
4.013800
4.013800
3.605601
3.413346
3.162400
2.869000
2.723200
2.671000
2.656600
2.647600
2.647600
2.647600
2.647600
2.647600
2.647600
2.647600
2.647600
2.647600
2.647600
2.647600
2.647600
2.647600
2.647600
2.863600
2.863600
2.863600
2.863600
3.168607
3.661000
3.661000
3.499297
3.302783
3.041800
2.829400
2.748400
2.748400
2.748400
2.748400
2.748400
2.748400
2.748400
2.748400
2.748400
2.748400
2.748400
2.748400
2.748400
2.748400
2.888800
2.793400
2.793400
2.793400
2.793400
2.793400
2.793400
2.793400
2.793400
2.793400
2.995000
2.995000
2.995000
2.995000
2.995000
2.995000
2.995000
2.995000
3.307890
3.782049
4.277680
4.771273
5.388309
5.870844
5.626875
5.320011
5.062397
4.730437
4.486957
4.170236
3.913021
3.655316
3.386141
3.188558
2.933800
2.923000
2.923000
2.923000
2.923000
2.923000
2.923000
2.923000
2.923000
2.923000
2.923000
2.923000
2.923000
2.923000
2.923000
3.276700
3.276700
3.276700
3.460982
4.066331
4.589550
5.392380
6.066404
7.000000
7.000000
7.000000
7.000000
7.000000
7.000000
7.000000
7.000000
7.000000
7.000000
7.000000
7.000000
7.000000
7.000000
7.000000
7.000000
7.000000
7.000000
7.000000
7.000000
7.000000
7.000000
7.000000
7.000000
7.000000
7.000000
7.000000
7.000000
7.000000
7.000000
6.748754
6.282215
6.086500
6.086500
5.677000
5.677000
5.525800
5.525800
5.525800
5.582500
5.551000
5.551000
5.551000
5.519500
5.090597
4.821948
4.477774
4.221012
3.936997
3.727546
3.517751
3.045400
2.822200
2.728600
2.701600
2.669200
2.617000
2.617000
2.617000
2.617000
2.617000
2.617000
2.617000
2.617000
2.617000
2.617000
2.617000
2.617000
2.617000
2.617000
2.617000
2.617000
2.617000
2.678200
2.671000
2.631400
2.631400
2.631400
2.631400
2.631400
2.631400
2.631400
2.631400
2.631400
2.631400
2.676400
2.667400
2.662000
2.660200
2.660200
2.660200
2.660200
2.660200
2.789800
2.789800
2.789800
2.789800
2.789800
2.671000
2.665600
2.660200
2.647600
2.647600
2.647600
2.647600
2.647600
2.647600
2.647600
2.647600
2.647600
2.683600
2.662000
2.662000
2.649400
2.649400
2.649400
2.649400
2.649400
2.649400
2.993200
2.874400
2.863600
2.863600
2.863600
2.863600
2.863600
2.863600
2.863600
2.863600
2.948200
2.948200
2.948200
2.948200
2.948200
3.103218
3.565553
3.957100
3.545753
3.409000
3.409000
3.409000
3.409000
3.560200
3.560200
3.560200
3.560200
3.629500
3.629500
3.629500
3.629500
3.629500
3.629500
3.629500
3.629500
3.453100
3.453100
3.453100
3.453100
3.503500
3.503500
3.503500
3.805900
3.805900
3.805900
3.805900
3.805900
4.366600
4.265800
4.083100
3.931900
3.931900
3.931900
3.742900
3.742900
3.742900
3.742900
3.705100
3.705100
3.705100
3.755500
3.755500
3.755500
3.755500
3.787000
3.787000
3.588421
3.365906
3.184686
2.962170
2.766400
2.766400
2.766400
2.766400
2.766400
2.766400
2.766400
2.766400
2.766400
2.766400
2.766400
3.134601
3.587560
4.076487
4.557985
4.948538
4.738471
4.556201
4.248739
4.051810
3.807242
3.550153
3.367448
3.157000
2.879800
2.797000
2.755600
2.755600
2.755600
2.755600
2.755600
2.755600
2.755600
2.755600
2.755600
2.755600
2.755600
2.939746
3.426680
3.857494
3.647373
3.405577
3.195655
3.083200
3.025600
2.993200
2.975200
2.975200
2.975200
2.975200
2.975200
2.975200
2.975200
2.975200
2.975200
2.975200
3.216400
3.216400
3.216400
3.216400
3.216400
3.216400
3.216400
3.085000
3.032800
3.009400
3.009400
3.009400
3.009400
3.009400
3.009400
3.009400
3.009400
3.009400
3.009400
3.220000
3.220000
3.220000
3.220000
3.220000
3.220000
3.220000
3.083200
3.031000
3.009400
3.009400
3.009400
3.009400
3.009400
3.009400
3.009400
3.009400
3.009400
3.009400
3.295600
3.295600
3.295600
3.295600
3.295600
3.783893
4.335100
4.071852
3.772543
3.563020
3.367594
3.158251
2.963677
2.767762
2.620336
2.500000
2.500000
2.500000
2.500000
2.500000
2.500000
2.500000
2.500000
2.500000
2.500000
2.500000
2.500000
2.500000
2.500000
2.500000
2.500000
2.500000
2.500000
2.500000
2.500000
2.500000
2.500000
2.500000
2.500000
2.500000
2.500000
2.500000
2.500000
2.500000
0.000000
0.000000
0.000000
0.000000
0.000000
0.000000
0.000000
0.000000
0.000000
0.000000
0.000000
0.000000
0.000000
0.000000
0.000000
0.000000
0.000000
0.000000
0.000000
0.000000
0.000000
0.000000
0.000000
0.000000
0.000000
0.000000
0.000000
0.000000
0.000000
0.000000
0.000000
0.000000
0.000000
0.000000
0.000000
0.000000
0.000000
0.000000
0.000000
0.000000
0.000000
0.000000
0.000000
0.000000
0.000000
0.000000
0.000000
0.000000
0.000000
0.000000
0.000000
0.000000
0.000000
0.000000
0.000000
0.000000
0.000000
0.000000
0.000000
0.000000
0.000000
0.000000
0.000000
0.000000
0.000000
0.000000
0.000000
0.000000
0.000000
0.000000
0.000000
0.000000
0.000000
0.000000
0.000000
0.000000
0.000000
0.000000
0.000000
0.000000
0.000000
0.000000
0.000000
0.000000
0.000000
0.000000
0.000000
0.000000
0.000000
0.000000
0.000000
0.000000
0.000000
0.000000
0.000000
0.000000
0.000000
0.000000
0.000000
0.000000
0.000000
0.000000
0.000000
0.000000
0.000000
0.000000
0.000000
0.000000
0.000000
0.000000
0.000000
0.000000
0.000000
0.000000
0.000000
0.000000
0.000000
0.000000
0.000000
0.000000
0.000000
0.000000
0.000000
0.000000
0.000000
0.000000
0.000000
0.000000
0.000000
0.000000
0.000000
0.000000
0.000000
0.000000
0.000000
0.000000
0.000000
0.000000
0.000000
0.000000
0.000000
0.000000
0.000000
0.000000
0.000000
0.000000
0.000000
0.000000
0.000000
0.000000
0.000000
0.000000
0.000000
0.000000
0.000000
0.000000
0.000000
0.000000
0.000000
0.000000
0.000000
0.000000
0.000000
0.000000
0.000000
0.000000
0.000000
0.000000
0.000000
0.000000
0.000000
0.000000
0.000000
0.000000
0.000000
0.000000
0.000000
0.000000
0.000000
0.000000
0.000000
0.000000
0.000000
0.000000
0.000000
0.000000
0.000000
0.000000
0.000000
0.000000
0.000000
0.000000
0.000000
0.000000
0.000000
0.000000
0.000000
0.000000
0.000000
0.000000
0.000000
0.000000
0.000000
0.000000
0.000000
0.000000
0.000000
0.000000
0.000000
0.000000
0.000000
0.000000
0.000000
0.000000
0.000000
0.000000
0.000000
0.000000
0.000000
0.000000
0.000000
0.000000
0.000000
0.000000
0.000000
0.000000
0.000000
0.000000
0.000000
0.000000
0.000000
0.000000
0.000000
0.000000
0.000000
0.000000
0.000000
0.000000
0.000000
0.000000
0.000000
0.000000
0.000000
0.000000
0.000000
0.000000
0.000000
0.000000
0.000000
0.000000
0.000000
0.000000
0.000000
0.000000
0.000000
0.000000
0.000000
0.000000
0.000000
0.000000
0.000000
0.000000
0.000000
0.000000
0.000000
0.000000
0.000000
0.000000
0.000000
0.000000
0.000000
0.000000
0.000000
0.000000
0.000000
0.000000
0.000000
0.000000
0.000000
0.000000
0.000000
0.000000
0.000000
0.000000
0.000000
0.000000
0.000000
0.000000
0.000000
0.000000
0.000000
0.000000
0.000000
0.000000
0.000000
0.000000
0.000000
0.000000
0.000000
0.000000
0.000000
0.000000
0.000000
0.000000
0.000000
0.000000
0.000000
0.000000
0.000000
0.000000
0.000000
0.000000
0.000000
0.000000
0.000000
0.000000
0.000000
0.000000
0.000000
0.000000
0.000000
0.000000
0.000000
0.000000
0.000000
0.000000
0.000000
0.000000
0.000000
0.000000
0.000000
0.000000
0.000000
0.000000
0.000000
0.000000
0.000000
0.000000
0.000000
0.000000
0.000000
0.000000
0.000000
0.000000
0.000000
0.000000
0.000000
0.000000
0.000000
0.000000
0.000000
0.000000
0.000000
0.000000
0.000000
0.000000
0.000000
0.000000
0.000000
0.000000
0.000000
0.000000
0.000000
0.000000
0.000000
0.000000
0.000000
0.000000
0.000000
0.000000
0.000000
0.000000
0.000000
0.000000
0.000000
0.000000
0.000000
0.000000
0.000000
0.000000
0.000000
0.000000
0.000000
0.000000
0.000000
0.000000
0.000000
0.000000
0.000000
0.000000
0.000000
0.000000
0.000000
0.000000
0.000000
0.000000
0.000000
0.000000
0.000000
0.000000
0.000000
0.000000
0.000000
0.000000
0.000000
0.000000
0.000000
0.000000
0.000000
0.000000
0.000000
0.000000
0.000000
0.000000
0.000000
0.000000
0.000000
0.000000
0.000000
0.000000
0.000000
0.000000
0.000000
0.000000
0.000000
0.000000
0.000000
0.000000
0.000000
0.000000
0.000000
0.000000
0.000000
0.000000
0.000000
0.000000
0.000000
0.000000
0.000000
0.000000
0.000000
0.000000
0.000000
0.000000
0.000000
0.000000
0.000000
0.000000
0.000000
0.000000
0.000000
0.000000
0.000000
0.000000
0.000000
0.000000
0.000000
0.000000
0.000000
0.000000
0.000000
0.000000
0.000000
0.000000
0.000000
0.000000
0.000000
0.000000
0.000000
0.000000
0.000000
0.000000
0.000000
0.000000
0.000000
0.000000
0.000000
0.000000
0.000000
0.000000
0.000000
0.000000
0.000000
0.000000
0.000000
0.000000
0.000000
0.000000
0.000000
0.000000
0.000000
0.000000
0.000000
0.000000
0.000000
0.000000
0.000000
0.000000
0.000000
0.000000
0.000000
0.000000
0.000000
0.000000
0.000000
0.000000
0.000000
0.000000
0.000000
0.000000
0.000000
0.000000
0.000000
0.000000
0.000000
0.000000
0.000000
0.000000
0.000000
0.000000
0.000000
0.000000
0.000000
0.000000
0.000000
0.000000
0.000000
0.000000
0.000000
0.000000
0.000000
0.000000
0.000000
0.000000
0.000000
0.000000
0.000000
0.000000
0.000000
0.000000
0.000000
0.000000
0.000000
0.000000
0.000000
0.000000
0.000000
0.000000
0.000000
0.000000
0.000000
0.000000
0.000000
0.000000
0.000000
0.000000
0.000000
0.000000
0.000000
0.000000
0.000000
0.000000
0.000000
0.000000
0.000000
0.000000
0.000000
0.000000
