1.969056
2.077777
2.014356
2.092877
2.216698
2.189518
2.237838
2.286159
2.313339
2.271059
2.258978
2.252939
2.292199
2.328439
2.141197
2.141197
2.126097
2.041537
2.117037
2.186498
2.135157
2.050597
2.101937
2.071737
2.126097
2.289179
2.222738
2.268039
2.521721
2.325419
2.376760
2.609301
2.497561
2.500581
2.684802
2.627421
2.645542
2.754262
2.893184
2.941504
2.872043
2.884124
2.914324
2.869023
2.814663
2.724062
2.609301
2.669702
2.557961
2.437160
2.458300
2.364679
2.225758
2.249918
2.162338
2.071737
2.008317
1.996236
2.071737
2.077777
2.056637
2.104957
2.050597
2.062677
2.107977
1.917716
2.123077
2.117037
1.999256
2.107977
2.147238
2.086837
2.265018
2.225758
2.086837
2.289179
2.388839
2.416020
2.557961
2.548901
2.470380
2.612321
2.727082
2.560981
2.995864
2.890164
2.781443
2.953584
3.062305
3.092505
3.192166
3.325047
3.219346
3.596849
3.231426
3.865632
3.427728
3.741811
3.747851
3.983413
3.962272
3.732750
4.058913
4.001533
4.040793
4.131394
3.823351
3.759931
3.578729
3.445848
3.385448
3.267667
3.476048
3.038145
3.149886
3.198206
2.971704
2.971704
2.796543
2.968684
2.579101
2.621382
2.745203
2.491520
2.557961
2.591181
2.346559
2.422060
2.379779
2.186498
2.150258
2.204618
2.020396
1.993216
2.005296
2.059657
2.047577
2.062677
2.095897
2.026437
2.065697
2.162338
2.138177
1.932816
2.159318
2.168378
2.120057
2.050597
2.035497
2.159318
2.086837
2.083817
2.098917
2.298239
2.274079
2.319379
2.298239
2.373739
2.349579
2.455280
2.494540
2.606281
2.687822
2.693862
2.890164
2.775403
2.947544
3.113646
3.010965
3.059285
3.007945
3.143846
3.418668
3.044185
3.503229
3.382428
3.663290
3.584769
3.497189
3.880732
3.569669
4.101193
3.759931
4.161594
3.898852
4.152534
4.294475
4.433396
4.753519
4.575337
4.593458
4.819959
4.569297
4.732378
4.961901
4.946800
5.448124
5.155182
5.106862
5.901128
5.674626
5.384704
5.550806
5.768247
5.511545
5.128002
5.233703
5.191422
5.028341
4.940760
4.892440
4.650838
4.632718
4.650838
4.406216
4.312595
4.107234
4.188774
4.104214
4.004553
3.874692
3.708590
3.732750
3.605909
3.494169
3.533429
3.412628
3.500209
3.095525
3.315987
3.017005
3.062305
3.029085
2.902244
2.923384
2.820703
2.766343
2.811643
2.639502
2.576081
2.633461
2.512661
2.419040
2.467360
2.246898
2.219718
2.237838
2.083817
1.978116
1.975096
2.062677
1.959996
2.017376
1.966036
2.041537
1.978116
2.023417
2.047577
1.984156
2.062677
2.002276
2.080797
2.083817
2.107977
1.920736
2.062677
1.869395
1.875435
1.966036
2.219718
2.177438
1.987176
2.095897
2.150258
2.029457
2.132138
2.086837
2.101937
2.192538
2.132138
2.328439
2.107977
2.210658
2.310319
2.225758
2.328439
2.261998
2.295219
2.277099
2.243878
2.237838
2.261998
2.219718
2.446220
2.074757
2.506620
2.488500
2.727082
2.775403
2.733122
2.853923
2.890164
2.820703
3.119685
3.074385
3.183106
3.222366
3.171026
3.322027
3.382428
3.693490
3.548529
3.614969
3.772011
3.599869
4.049853
3.847512
4.031733
4.137434
3.847512
4.246155
4.158574
4.436416
4.415276
4.620638
4.472657
4.415276
5.260883
4.825999
4.877340
5.007201
4.720299
5.535705
4.977001
5.004181
5.191422
5.161222
4.738419
4.952840
4.762579
4.536077
4.641778
4.385076
4.536077
4.357895
4.194814
4.188774
4.080053
3.950192
3.880732
3.708590
3.699530
3.663290
3.548529
3.403568
3.186126
3.137806
3.331087
3.210286
2.992844
2.947544
2.968684
2.950564
2.742182
2.808623
2.627421
2.521721
2.715002
2.458300
2.479440
2.536821
2.310319
2.210658
2.265018
2.107977
1.929796
1.944896
2.008317
1.972076
1.981136
2.023417
1.956976
2.041537
1.938856
2.044557
2.071737
2.041537
1.969056
2.029457
2.059657
1.975096
1.938856
1.914696
1.926776
1.790875
1.645913
1.827115
1.993216
1.072109
1.700274
2.147238
2.195558
2.249918
2.283139
2.243878
2.286159
2.192538
2.123077
2.171398
2.195558
2.138177
2.038517
2.098917
2.026437
2.388839
2.038517
2.512661
2.304279
2.083817
2.114017
2.352599
2.304279
2.370719
2.246898
2.228778
2.132138
2.129117
2.216698
2.150258
2.071737
2.065697
2.150258
2.144217
2.053617
2.080797
2.038517
2.141197
2.038517
2.092877
2.092877
1.984156
2.029457
2.123077
2.044557
2.020396
2.098917
2.092877
2.044557
2.120057
2.135157
2.234818
2.207638
1.706314
2.144217
2.107977
2.120057
2.147238
2.207638
2.083817
2.120057
2.092877
2.110997
2.216698
2.050597
2.038517
2.171398
2.110997
2.080797
2.077777
1.984156
2.117037
2.126097
2.114017
2.068717
2.110997
2.117037
2.114017
2.189518
2.050597
2.159318
2.165358
1.778795
2.328439
2.162338
2.156298
2.277099
2.213678
2.274079
2.258978
2.292199
2.195558
2.177438
2.246898
2.153278
2.077777
2.201598
2.183478
2.132138
2.095897
2.159318
2.068717
2.129117
2.053617
2.114017
2.114017
2.077777
2.110997
2.126097
2.074757
2.153278
2.110997
2.328439
2.255958
2.213678
2.171398
2.240858
1.295591
2.231798
2.092877
2.005296
2.095897
2.138177
2.035497
2.062677
2.026437
2.080797
2.068717
2.032477
2.035497
1.996236
2.017376
2.117037
2.268039
2.101937
0.990568
2.216698
2.440180
2.213678
2.280119
2.274079
2.304279
2.406960
2.385819
2.446220
2.515681
2.467360
2.509640
2.518701
2.449240
2.394880
2.289179
2.162338
2.168378
2.080797
2.068717
1.990196
2.074757
2.110997
2.035497
1.996236
2.059657
2.132138
2.062677
2.077777
2.041537
1.996236
1.978116
1.941876
2.011336
1.896575
2.050597
2.065697
1.993216
1.938856
1.981136
2.080797
2.126097
2.258978
2.234818
2.346559
2.322399
2.304279
2.431120
2.464340
2.446220
2.479440
2.337499
2.153278
2.174418
2.126097
1.975096
1.969056
1.966036
2.008317
1.975096
2.077777
1.959996
1.990196
2.029457
1.929796
2.008317
1.959996
2.074757
1.996236
2.579101
2.083817
1.591553
2.186498
2.340519
2.261998
2.298239
2.358639
2.234818
2.280119
2.419040
2.361659
2.509640
2.672722
2.557961
2.530781
2.482460
2.370719
2.277099
2.207638
2.101937
2.011336
2.095897
2.077777
1.990196
2.044557
2.120057
2.044557
2.068717
2.011336
1.987176
2.020396
2.023417
1.969056
2.117037
1.984156
1.975096
1.990196
1.993216
2.083817
1.981136
2.044557
2.077777
2.029457
2.213678
2.355619
2.301259
2.292199
2.422060
2.467360
2.443200
2.524741
2.594201
2.470380
2.310319
2.237838
2.071737
2.168378
2.059657
2.077777
1.953956
1.978116
2.014356
1.993216
2.104957
2.059657
2.044557
2.156298
2.107977
2.135157
2.074757
2.074757
2.162338
1.993216
1.760674
2.201598
2.026437
2.198578
2.150258
2.283139
2.255958
2.198578
2.277099
2.394880
2.515681
2.476420
2.624401
2.416020
2.473400
2.419040
2.249918
2.165358
2.138177
2.120057
2.017376
1.932816
1.987176
1.950936
1.999256
2.077777
2.002276
2.041537
2.056637
2.005296
1.812015
1.959996
1.956976
1.950936
1.996236
1.935836
2.059657
2.053617
2.044557
2.192538
2.222738
2.228778
2.283139
2.252939
2.216698
2.216698
2.252939
2.328439
2.337499
2.434140
2.530781
2.428100
2.295219
2.095897
2.198578
2.068717
2.123077
2.120057
2.156298
2.053617
2.126097
2.135157
2.080797
2.071737
1.972076
2.056637
2.080797
2.047577
2.092877
2.104957
2.005296
2.095897
2.092877
2.132138
2.086837
2.168378
2.144217
2.077777
2.165358
2.183478
2.056637
2.126097
2.068717
2.156298
2.198578
2.186498
2.117037
2.240858
2.071737
2.023417
2.295219
2.159318
2.313339
2.298239
2.382799
2.409980
2.400920
2.518701
2.567021
2.639502
2.727082
2.600241
2.730102
2.905264
2.814663
2.917344
3.240486
2.938484
3.074385
3.041165
2.935464
2.875063
2.835803
2.784463
2.721042
2.585141
2.606281
2.497561
2.376760
2.234818
2.292199
2.258978
2.156298
2.129117
2.192538
2.180458
2.138177
2.207638
2.192538
2.216698
2.219718
2.156298
2.234818
2.219718
2.104957
2.234818
2.228778
2.216698
2.292199
2.391860
2.361659
2.464340
2.506620
2.422060
2.663662
2.693862
2.639502
3.013985
2.814663
2.787483
2.896204
2.896204
3.177066
3.171026
3.065325
3.331087
3.400548
3.195186
3.711610
3.340147
3.838451
3.557589
4.064953
4.055893
4.019653
4.113274
4.125354
3.880732
4.351856
4.086093
4.735399
4.330715
4.853179
4.611578
4.789759
5.179342
4.838079
4.726338
5.285043
5.511545
5.043441
5.535705
5.816567
5.544765
5.321283
5.565906
5.348464
5.321283
5.336384
5.103842
5.058541
5.152162
4.786739
4.741439
4.714259
4.478697
4.360916
4.110254
4.258235
4.249175
4.173674
3.983413
3.829391
3.687450
3.802211
3.681410
3.614969
3.436788
3.491148
3.403568
3.346187
3.198206
3.207266
2.986804
3.056265
2.890164
2.971704
2.814663
2.721042
2.754262
2.684802
2.600241
2.524741
2.497561
2.443200
2.370719
2.201598
2.156298
2.135157
2.053617
1.972076
2.056637
1.972076
1.981136
2.077777
2.035497
1.929796
1.969056
2.126097
2.068717
2.252939
2.005296
2.002276
1.978116
1.947916
2.023417
1.938856
1.990196
2.044557
2.289179
1.781815
2.283139
1.751614
1.896575
1.920736
1.935836
1.975096
2.011336
2.192538
2.104957
1.990196
1.993216
2.053617
2.050597
1.938856
1.987176
1.790875
1.978116
2.062677
2.086837
2.074757
2.138177
1.999256
2.047577
2.092877
1.978116
2.050597
1.953956
2.479440
1.645913
2.521721
1.600613
2.201598
1.769735
1.959996
2.047577
1.990196
2.014356
2.050597
2.123077
2.104957
1.972076
1.941876
2.032477
2.107977
2.135157
2.117037
2.132138
2.101937
2.065697
2.092877
2.071737
2.053617
2.138177
2.071737
2.095897
1.920736
2.110997
2.068717
2.557961
1.929796
1.751614
2.017376
2.132138
2.192538
2.038517
2.298239
1.966036
2.301259
2.165358
2.192538
2.268039
2.192538
2.258978
2.255958
2.265018
2.261998
2.340519
2.265018
2.207638
2.322399
2.431120
2.265018
2.310319
2.413000
2.364679
2.530781
2.705942
2.606281
2.579101
2.660642
2.588161
2.624401
2.751242
2.853923
2.778423
2.757282
2.814663
2.757282
2.769363
2.757282
2.769363
2.724062
2.811643
2.718022
2.757282
2.760303
2.660642
2.718022
2.699902
2.639502
2.651582
2.881104
2.769363
2.642522
2.793523
3.007945
2.820703
2.745203
2.908284
2.866004
2.799563
2.890164
2.850903
2.956604
2.926404
2.953584
3.053245
2.995864
3.010965
2.902244
3.074385
3.077405
3.068345
2.947544
2.953584
2.920364
2.941504
2.941504
2.956604
2.844863
2.705942
2.811643
2.645542
2.603261
2.585141
2.503600
2.464340
2.370719
2.422060
2.340519
2.261998
2.268039
2.234818
2.029457
2.026437
2.101937
2.011336
1.987176
2.032477
2.138177
1.956976
2.086837
2.101937
2.144217
2.132138
2.056637
2.035497
2.331459
2.295219
2.413000
2.343539
2.491520
2.630441
2.524741
2.711982
2.675742
2.745203
2.663662
2.582121
2.666682
2.533801
2.554941
2.422060
2.168378
2.243878
2.114017
2.050597
2.120057
2.041537
1.993216
2.092877
2.153278
2.050597
2.101937
2.117037
2.038517
2.104957
1.963016
2.035497
2.065697
2.023417
2.138177
2.265018
2.249918
2.249918
2.316359
2.334479
2.207638
2.494540
2.331459
2.403940
2.376760
2.397900
2.346559
2.265018
2.361659
2.358639
2.210658
2.243878
2.225758
2.277099
2.274079
2.307299
2.316359
2.316359
2.283139
2.379779
2.391860
2.376760
2.400920
2.512661
2.509640
2.536821
2.711982
2.597221
2.458300
2.400920
2.521721
2.364679
2.403940
2.413000
2.265018
2.367699
2.334479
2.286159
2.334479
2.406960
2.271059
2.364679
2.337499
2.316359
2.397900
2.425080
2.385819
2.621382
2.470380
2.364679
2.787483
2.585141
2.518701
2.603261
2.524741
2.431120
2.440180
2.385819
2.322399
2.289179
2.349579
2.228778
2.289179
2.295219
2.210658
2.322399
2.261998
2.249918
2.268039
2.277099
2.373739
2.340519
2.425080
2.536821
2.364679
2.585141
2.615341
2.739162
2.754262
2.557961
2.663662
2.663662
2.533801
2.470380
2.403940
2.376760
2.310319
2.265018
2.162338
2.174418
2.092877
2.017376
2.062677
2.026437
1.926776
2.023417
2.017376
1.969056
1.905636
1.887515
1.984156
2.002276
1.984156
2.038517
0.000000
0.000000
0.000000
0.000000
0.000000
0.000000
0.000000
0.000000
0.000000
0.000000
0.000000
0.000000
0.000000
0.000000
0.000000
0.000000
0.000000
0.000000
0.000000
0.000000
0.000000
0.000000
0.000000
0.000000
0.000000
0.000000
0.000000
0.000000
0.000000
0.000000
0.000000
0.000000
0.000000
0.000000
0.000000
0.000000
0.000000
0.000000
0.000000
0.000000
0.000000
0.000000
0.000000
0.000000
0.000000
0.000000
0.000000
0.000000
0.000000
0.000000
0.000000
0.000000
0.000000
0.000000
0.000000
0.000000
0.000000
0.000000
0.000000
0.000000
0.000000
0.000000
0.000000
0.000000
0.000000
0.000000
0.000000
0.000000
0.000000
0.000000
0.000000
0.000000
0.000000
0.000000
0.000000
0.000000
0.000000
0.000000
0.000000
0.000000
0.000000
0.000000
0.000000
0.000000
0.000000
0.000000
0.000000
0.000000
0.000000
0.000000
0.000000
0.000000
0.000000
0.000000
0.000000
0.000000
0.000000
0.000000
0.000000
0.000000
0.000000
0.000000
0.000000
0.000000
0.000000
0.000000
0.000000
0.000000
0.000000
0.000000
0.000000
0.000000
0.000000
0.000000
0.000000
0.000000
0.000000
0.000000
0.000000
0.000000
0.000000
0.000000
0.000000
0.000000
0.000000
0.000000
0.000000
0.000000
0.000000
0.000000
0.000000
0.000000
0.000000
0.000000
0.000000
0.000000
0.000000
0.000000
0.000000
0.000000
0.000000
0.000000
0.000000
0.000000
0.000000
0.000000
0.000000
0.000000
0.000000
0.000000
0.000000
0.000000
0.000000
0.000000
0.000000
0.000000
0.000000
0.000000
0.000000
0.000000
0.000000
0.000000
0.000000
0.000000
0.000000
0.000000
0.000000
0.000000
0.000000
0.000000
0.000000
0.000000
0.000000
0.000000
0.000000
0.000000
0.000000
0.000000
0.000000
0.000000
0.000000
0.000000
0.000000
0.000000
0.000000
0.000000
0.000000
0.000000
0.000000
0.000000
0.000000
0.000000
0.000000
0.000000
0.000000
0.000000
0.000000
0.000000
0.000000
0.000000
0.000000
0.000000
0.000000
0.000000
0.000000
0.000000
0.000000
0.000000
0.000000
0.000000
0.000000
0.000000
0.000000
0.000000
0.000000
0.000000
0.000000
0.000000
0.000000
0.000000
0.000000
0.000000
0.000000
0.000000
0.000000
0.000000
0.000000
0.000000
0.000000
0.000000
0.000000
0.000000
0.000000
0.000000
0.000000
0.000000
0.000000
0.000000
0.000000
0.000000
0.000000
0.000000
0.000000
0.000000
0.000000
0.000000
0.000000
0.000000
0.000000
0.000000
0.000000
0.000000
0.000000
0.000000
0.000000
0.000000
0.000000
0.000000
0.000000
0.000000
