369.433502
1524.547729
2654.031982
3253.756104
3699.611328
7626.583984
10199.085938
11560.432617
12053.356445
12586.243164
13229.880859
13877.353516
14605.963867
15436.041016
16216.649414
17024.113281
17826.330078
18648.363281
19443.501953
21060.341797
23627.699219
24900.521484
26883.957031
27480.693359
28794.519531
29794.037109
30615.130859
31227.179688
31810.757812
0.000000
0.000000
0.000000
0.000000
0.000000
0.000000
0.000000
0.000000
0.000000
0.000000
0.000000
0.000000
0.000000
0.000000
0.000000
0.000000
0.000000
0.000000
0.000000
0.000000
0.000000
0.000000
0.000000
0.000000
0.000000
0.000000
0.000000
0.000000
0.000000
0.000000
0.000000
0.000000
0.000000
0.000000
0.000000
0.000000
0.000000
0.000000
0.000000
0.000000
0.000000
0.000000
0.000000
0.000000
0.000000
0.000000
0.000000
0.000000
0.000000
0.000000
0.000000
0.000000
0.000000
0.000000
0.000000
0.000000
0.000000
0.000000
0.000000
0.000000
0.000000
0.000000
0.000000
0.000000
0.000000
0.000000
0.000000
0.000000
0.000000
0.000000
0.000000
