10.101983
10.192583
10.144262
10.207684
10.105002
10.443246
10.370765
10.742228
11.011010
11.174091
11.065371
11.001950
11.158991
11.415693
11.415693
11.494213
11.373413
11.273752
11.116711
11.225431
11.294891
11.464013
11.430794
11.346232
11.246572
11.288853
11.125771
11.276773
11.110670
10.841888
10.554986
10.660686
10.805648
10.636527
10.539886
10.545926
10.542908
10.455326
10.654648
10.627466
10.826788
10.684847
10.548946
10.458345
10.497606
10.470425
10.597267
10.464386
10.645588
10.890209
10.823769
10.941549
11.071410
11.110670
11.222412
11.267712
11.551595
11.832458
11.735815
11.941177
11.778097
12.019699
12.276401
12.505922
12.466661
12.539143
10.047623
10.292244
10.298285
10.500626
10.624447
10.567066
10.551966
10.630486
10.932489
10.881149
11.056311
11.146911
11.189192
11.231472
11.328113
11.901917
11.587835
11.663336
11.841516
11.587834
11.533475
11.693535
11.690515
11.729776
11.488174
11.331133
11.225431
11.020071
11.155972
11.162011
11.104630
10.896249
10.645586
10.494585
10.358685
10.479486
10.494585
10.388885
10.213723
10.056682
12.339821
12.164660
12.270359
12.215999
11.992518
11.518374
11.125771
10.983829
11.023090
10.932489
10.841889
10.530826
10.337544
10.141243
12.080099
10.162382
10.340565
10.292244
10.201643
10.216743
12.043858
10.011381
10.413045
10.304324
10.624447
10.370764
10.334524
10.286203
10.265064
10.533846
10.425124
10.325464
10.101982
10.437204
10.576126
10.117083
10.228823
10.165402
10.083862
10.370766
10.458345
10.407005
10.470426
10.337544
10.437204
10.651627
10.793569
10.856989
10.974771
10.860009
10.917389
11.503274
11.720716
11.862657
11.913998
12.019698
12.022717
12.496862
10.041582
10.325464
10.277143
10.385865
10.355665
10.403985
10.533846
10.678808
10.923429
10.908329
10.950609
10.853969
10.941549
11.243552
11.530454
11.467033
11.530455
11.563674
11.467033
11.787157
12.019698
11.904938
12.046879
12.161640
12.131439
12.388141
12.653903
12.478742
12.684104
12.605582
12.717324
13.149187
13.179388
13.073687
13.200528
13.182407
13.357570
10.234863
10.367744
10.249964
10.434185
10.316404
10.252983
10.473446
10.899269
11.098591
10.893229
10.757328
10.702967
10.627467
10.567066
11.098591
11.602935
11.605955
11.177112
11.104631
11.056311
10.715048
11.406633
11.995538
12.155600
11.669375
11.388514
11.503274
11.621056
12.681084
12.255260
12.916645
12.068018
11.726756
11.959297
12.345860
12.690144
12.376061
12.149559
12.046878
11.980438
11.753937
12.216000
11.880776
11.506294
11.539515
11.322073
11.373413
11.605955
11.276772
11.092550
10.838869
10.615387
10.579146
10.869069
10.509686
10.503646
10.337544
10.252984
10.117083
13.242809
13.224688
13.176368
13.221668
13.215629
12.813965
12.611624
12.527061
12.702224
12.566322
12.448542
12.219020
11.974398
11.847557
12.001577
11.986478
11.883797
11.669375
11.418714
11.210331
11.328112
11.454953
11.430794
11.213352
10.757328
10.709007
10.672768
10.696927
10.751287
10.820748
10.473446
10.198624
10.068762
10.029502
10.050642
10.195603
10.165403
12.327741
12.068019
11.747896
11.708636
11.808296
11.917018
11.630116
11.192211
11.004970
10.690887
10.826789
10.929470
10.869069
10.539885
10.274124
10.035542
10.047622
10.156343
10.340565
10.289225
10.262044
10.216743
12.028759
11.998558
10.237883
10.410026
10.561027
10.455325
10.470426
10.313385
10.503645
10.548946
10.570087
10.370765
10.246943
10.334524
10.554987
10.509686
10.349625
10.337543
10.491566
10.482506
10.576126
10.500626
10.295263
10.289225
10.337544
10.558007
10.687868
10.554987
10.512705
10.573106
10.624447
10.847929
11.047251
11.210331
11.174091
11.189192
11.216372
11.524414
11.648235
11.920038
12.013659
11.986478
11.962317
12.231100
12.424382
10.189564
10.159363
10.262044
10.207684
10.207684
10.446266
10.663707
10.654647
10.799608
10.769409
10.847928
10.829808
11.050270
11.146911
11.249593
11.403613
11.457973
11.382473
11.479115
11.551594
12.004599
11.907957
11.971377
11.983458
11.904937
12.282440
12.442501
12.400221
12.587463
12.496862
12.545182
13.227707
10.017422
13.115967
12.813965
13.143147
12.974026
10.171443
10.400965
10.343584
10.129163
10.177483
10.240904
10.123122
10.334524
10.817728
10.938530
10.847929
10.594247
10.579146
10.702967
10.808668
11.309993
11.391533
11.325092
11.276772
11.023090
10.887189
11.198252
12.312641
12.071039
12.040838
11.615015
11.485153
11.279792
11.904938
12.499883
12.388142
12.143518
11.841516
11.784136
11.886818
12.690144
13.094828
12.847185
12.336802
12.131439
12.442501
12.871346
13.427031
13.082747
12.795844
12.759604
12.874366
13.179388
14.115596
13.692791
12.883425
13.224688
13.575011
14.263577
14.185057
13.683732
13.550851
13.626351
14.070295
10.120103
10.008362
14.317938
13.819633
14.188076
15.027642
15.172604
10.274124
14.496119
14.172976
14.864561
10.397945
10.268084
10.633507
15.024622
14.773961
10.132183
10.246944
10.872089
10.603307
10.219763
10.413045
15.106163
10.699947
10.548946
11.364353
10.775448
10.718067
10.443245
10.579146
10.621427
11.255632
11.035170
11.140871
10.998930
10.648607
10.853969
11.294892
11.750916
11.699575
11.415693
10.878129
11.047251
11.068390
11.503274
11.213351
11.530455
11.134830
11.092550
10.965710
11.279793
11.294891
11.113691
11.174091
11.128791
11.056311
10.841888
11.068390
10.923429
11.047251
10.938530
10.654647
11.004971
10.612367
10.784508
10.539886
10.690887
10.702967
10.573107
10.567066
10.328484
10.518745
10.274124
10.373785
10.443245
10.346605
10.259024
10.059702
14.985363
10.168423
14.888721
10.011382
10.011381
14.574638
14.674300
14.384377
14.607859
14.535378
14.151834
13.949493
13.988754
13.958554
13.991775
13.774332
13.753192
13.541791
13.430050
13.538771
13.369649
13.233747
12.952886
13.052547
13.019327
12.850204
12.820004
12.602562
12.632763
12.638803
12.560282
12.584442
12.249220
11.947218
12.086140
12.176741
11.977418
12.031778
11.877757
11.593874
11.454953
11.476094
11.494213
11.473074
11.518374
11.249592
11.183151
11.086510
10.908329
11.134830
11.140871
10.959669
10.890209
10.518745
10.500626
10.642567
10.651627
10.663708
10.521767
10.286204
10.225803
10.005342
13.315289
10.038562
10.280164
10.068762
13.158247
12.853226
12.747524
12.783764
13.037446
12.835105
12.518002
12.209960
12.197880
12.146539
12.478742
12.140499
12.046878
11.654275
11.702596
11.621056
11.805277
11.769036
11.394552
11.077451
10.890209
11.017051
11.080470
11.231471
10.992890
10.715048
10.594246
10.337544
10.316404
10.542907
10.630486
10.437204
10.225803
12.418342
12.267340
12.225060
12.439482
12.282440
11.808296
11.406633
11.080470
11.041210
11.053291
10.983830
10.712027
10.234863
11.968358
11.829436
10.023461
11.968358
10.162384
11.811316
11.756955
11.627095
11.759976
11.808296
10.111043
10.243923
10.002321
12.010638
11.965338
10.089903
10.337544
10.231844
10.032522
10.032521
10.198624
10.162383
10.240904
10.108023
10.056682
10.162383
10.198624
11.995539
11.871716
12.104259
11.923058
11.747896
10.488546
10.373785
11.551595
11.687496
11.593875
11.772057
12.074059
10.138223
10.428144
10.410025
10.482506
10.591227
10.612366
10.869069
10.826788
10.911350
10.561027
10.856989
10.796588
11.020069
10.947590
11.056310
10.881149
10.914370
10.772429
10.823769
10.896250
10.986850
11.011010
11.110671
11.171072
11.340192
11.143890
11.207312
11.146911
11.349253
11.445894
11.524414
11.276772
11.246572
11.171072
11.364352
11.316032
11.143891
11.228452
11.007990
11.255632
11.340193
11.409653
11.328113
11.252611
11.258652
11.521395
11.775076
11.578774
11.316032
11.355292
12.040838
10.150303
12.448542
10.186543
10.446265
10.361705
10.536865
10.579147
10.702968
11.131811
11.038191
10.983829
11.174091
11.186172
11.213351
11.506293
11.669376
11.506294
11.729775
11.705616
11.590855
11.947218
12.200900
12.010638
12.294520
12.267340
12.216000
12.690144
12.786784
12.656923
12.847184
12.783764
12.904566
13.351529
13.146168
10.105003
13.366629
10.098963
13.333408
10.376804
11.001950
10.554987
10.388885
10.373785
10.446265
10.274124
10.561026
10.971749
10.986850
11.029130
10.766388
10.727127
10.853969
11.095572
11.554615
11.642195
11.391533
11.306973
10.905309
11.267712
11.729775
11.762997
12.034799
12.161640
11.910978
11.624075
11.400593
12.013659
12.533102
12.675043
12.261300
11.938158
11.904937
12.161639
12.804905
13.351530
12.518002
12.394181
12.297541
12.629744
13.022346
13.430050
12.895506
12.720344
12.768664
12.853226
14.052175
14.046135
13.828693
12.934765
13.206568
13.526690
13.949494
13.541790
13.547831
13.804532
14.179016
15.178644
10.168423
14.266596
14.037075
14.006874
10.017422
10.056683
10.467405
10.334524
14.348137
13.729033
14.308877
10.195602
10.554987
10.814709
10.548946
14.381357
14.487059
10.044601
10.829809
10.068762
10.835848
10.108023
10.234863
14.849461
10.213724
10.524786
10.222784
10.533846
10.280164
10.023462
10.053662
10.177483
15.335686
10.666727
10.573107
10.020442
10.135202
10.144262
10.092922
10.328484
10.313385
10.295263
14.958182
10.020442
14.780001
14.447798
10.083862
14.360218
14.417598
14.284718
14.411558
14.257537
14.260557
14.034055
13.828693
13.837753
13.656551
13.692792
13.753191
13.584070
13.433069
13.236769
13.176368
13.073687
13.242808
13.152206
12.871346
12.925705
12.838125
12.783765
12.810945
12.466662
12.403241
11.775076
12.264320
12.095200
12.306601
12.031778
11.672396
11.862657
11.699575
11.787156
11.793197
11.590855
11.445893
11.243552
11.089531
11.261672
11.382473
11.279793
10.884169
10.787528
10.763368
10.687867
10.763369
10.847929
10.633507
10.561026
10.295264
10.141243
10.252983
10.301304
10.325464
10.237884
13.279049
12.949865
12.868325
13.197509
12.807924
12.895506
12.590484
12.351901
12.255260
12.394181
12.481762
12.052918
11.923058
11.889837
11.615015
11.799236
11.844537
11.584815
11.397573
11.041210
10.977789
11.137851
11.189192
11.183151
11.004970
10.630487
10.579146
10.400966
10.539886
10.696927
10.394925
10.310365
10.083862
10.086882
12.330761
12.351901
12.469683
12.252240
11.744875
11.246572
11.180131
11.234492
11.068390
11.044230
10.633507
10.361704
10.056683
11.974398
10.020442
10.089902
10.132183
10.108023
11.759976
11.663336
11.645215
11.747896
11.938157
10.059702
10.044601
10.026482
10.011381
11.938158
10.032522
10.210704
10.095942
10.210703
10.159364
10.249964
10.071783
10.083862
10.171443
11.962317
10.047622
11.856617
11.941178
11.892858
11.832458
10.017421
11.895878
11.759976
10.032522
10.005342
10.186543
10.983829
10.588206
10.120103
10.932489
10.778467
10.313385
10.699947
11.681456
10.198624
12.140499
10.277144
10.902288
10.908329
11.255632
10.968730
11.252613
11.152950
11.038190
10.935510
11.240532
11.210332
11.098591
10.790548
10.742228
10.896250
10.995910
10.672767
10.790548
10.639547
10.724108
10.536866
10.313384
10.361705
10.455325
10.570086
10.092922
10.905310
12.252239
10.799608
10.564046
11.171070
10.156343
11.222412
10.533846
10.863029
11.385493
10.814709
11.143890
11.445893
11.476094
11.726755
11.527434
11.563675
11.038191
11.171072
11.222412
11.204291
11.174091
10.971749
10.739208
10.558006
10.709007
10.872089
10.772428
10.835848
10.600286
10.497606
10.403986
10.388885
10.416065
10.657667
10.561026
10.554987
10.349625
10.367744
10.301304
10.437205
10.301304
10.162383
10.373785
10.358684
10.461365
10.367745
10.340565
10.364725
10.355665
10.246943
10.271104
10.123123
10.331504
10.186543
10.095942
10.437205
10.162383
10.262044
10.488545
10.325464
10.524786
10.286203
10.283184
10.304324
10.283185
10.307343
10.533846
10.476465
10.693907
10.702968
11.001950
10.838868
10.739208
10.775448
11.947218
10.095943
10.648607
10.530827
10.497605
10.838869
10.352644
10.860009
10.530826
10.748268
10.733168
10.733168
10.636527
10.437204
10.488546
10.576127
10.787528
10.805649
10.431166
10.618406
10.539886
10.709007
10.651627
10.340564
10.352644
10.334524
10.545926
10.455326
10.343585
10.340565
10.286204
10.437205
10.585186
10.548946
10.443245
10.249964
10.213724
10.376804
10.413045
10.663708
10.482506
10.379826
10.240904
10.391906
10.385864
10.709008
10.554986
10.394925
10.461366
10.509686
10.624447
10.591227
10.573107
10.639547
11.337173
10.971750
10.908330
11.158991
11.020070
11.989498
10.962689
10.672767
10.763368
11.325092
11.011009
11.391533
11.337172
11.545555
11.442873
11.237513
11.406632
11.482134
11.515354
11.509314
11.382473
11.201271
11.092550
10.853969
11.128792
11.004971
11.186172
11.047251
10.890208
10.721088
10.739208
10.702968
10.715048
10.760347
10.811687
10.684847
10.787528
10.766388
10.533846
10.621427
10.431165
10.618406
10.530827
10.727128
10.663707
10.696927
10.567066
10.654646
10.636527
10.497606
10.422105
10.449286
10.687867
10.702968
10.627467
10.790548
10.600286
10.494587
10.705987
10.491566
10.473446
10.509686
10.721087
10.739208
11.038191
11.110670
11.180131
11.014030
11.092550
10.914370
10.875109
10.980810
10.696927
10.461366
10.038562
11.524415
10.053662
10.280165
10.225803
10.428145
10.527805
10.452305
10.530827
10.410026
10.391905
10.358684
10.485526
10.440226
10.524786
10.407005
10.307344
10.240904
10.325464
10.422105
10.467405
10.243923
10.195603
10.340564
10.434185
10.165403
10.150303
10.105003
10.307344
10.228824
10.289224
10.654647
11.427773
10.799608
10.316404
10.920409
11.092550
10.301305
10.733169
10.479486
10.986849
10.739207
11.216372
11.020071
11.309992
11.394554
11.291872
11.334152
11.621055
11.624075
11.575755
11.850576
11.711657
11.781116
11.986477
12.122379
12.448542
12.409281
12.502903
12.279420
10.092923
10.111042
10.147284
10.074802
12.333780
12.158620
11.959297
12.049899
11.793196
11.557634
11.158991
10.941549
10.712027
10.675787
10.745248
10.527806
10.437205
10.219764
10.089902
11.923058
10.014402
10.192583
10.098963
10.243924
10.147284
10.074803
10.074802
10.144262
10.098962
10.246943
10.289225
10.319425
10.322444
10.147283
10.192583
10.231844
10.159363
10.038563
10.011382
10.077823
10.062722
10.056683
11.796216
11.974398
10.177484
11.648235
11.530455
11.708635
11.947217
10.186543
10.237884
10.310365
10.153322
10.147284
10.068763
10.243923
10.289225
10.606327
10.600286
10.860008
10.832829
10.980810
10.959669
11.379453
11.427774
11.678435
11.639175
11.778096
11.678436
11.829436
11.983458
12.345861
10.005342
10.005342
12.496861
12.288481
12.493841
10.108023
12.225060
12.149559
11.805277
11.415693
11.122751
10.853969
10.657667
10.603307
10.464386
10.340565
10.086882
10.029502
10.068763
10.189564
10.159364
10.289224
10.035542
10.168423
11.977419
10.156343
10.403984
10.310364
10.364725
10.014402
10.177484
10.192583
10.268085
10.105002
10.117083
10.177483
10.201643
10.141243
10.047622
10.527806
10.536865
10.367744
10.283184
11.479114
11.886817
11.756956
10.071781
10.098963
10.017422
10.219763
10.186543
10.878129
11.273752
11.065370
11.213351
11.249592
11.334152
11.602935
11.476094
11.473074
11.288853
11.630115
11.605954
11.907957
11.950237
11.907957
11.907957
12.110299
12.424381
10.225803
10.237884
10.062722
12.499882
12.478742
10.132183
10.168424
10.120103
12.219019
11.947218
11.599914
11.509314
11.451933
11.294892
10.989870
10.633507
10.470426
10.159363
10.201644
10.331505
10.256004
10.240904
10.056682
11.959297
11.995537
10.095942
10.268084
10.216743
10.249964
10.310365
10.198624
10.111043
10.129163
10.062721
10.168423
10.141242
10.256003
10.147284
10.117083
10.237884
10.177484
10.108023
10.074802
12.043859
10.138223
11.829437
11.615014
11.947218
11.910977
11.826418
10.029503
11.832457
10.029503
10.159363
10.216743
10.473446
10.434185
10.437205
10.316404
10.823769
10.739207
11.134831
11.195231
11.427773
11.445894
11.376432
11.325092
11.445894
11.608975
11.793196
11.938158
12.019698
12.010639
12.164660
12.397202
10.011382
10.092922
10.186543
10.123122
10.035542
12.294520
12.297541
12.225060
11.762997
11.331133
11.137852
10.784509
10.539886
10.696928
10.518745
10.379826
10.286204
10.186543
11.895878
10.089902
10.280164
10.165402
10.292244
10.207684
10.056682
11.962317
10.231844
10.150304
10.334524
10.080843
10.011383
10.225803
10.289224
10.138223
10.098962
10.044602
10.225803
10.289224
10.114062
10.286203
10.944570
10.579145
10.098963
10.663708
10.373784
10.959669
11.720716
10.231844
10.011382
10.820748
10.343584
10.781489
10.980810
11.014030
10.896249
10.896249
11.023090
11.228452
11.264691
11.258653
11.177112
11.291873
11.364353
11.618035
11.648235
12.013658
11.744877
12.327741
12.058958
12.460621
10.077823
10.150303
12.406261
12.267340
12.179760
12.122379
12.252241
12.025738
11.726756
11.228452
11.068390
10.875109
11.007990
10.911349
10.772429
10.343584
10.108023
10.059702
11.977418
10.204662
10.180504
10.189563
10.092923
10.117084
10.017422
10.029502
10.204664
10.165403
10.204663
10.340565
10.225803
10.198624
10.074802
10.098963
10.174463
10.108023
12.016679
11.793197
10.177484
11.913997
11.835477
11.889837
11.747896
11.720715
11.518373
11.738836
10.008362
10.002322
10.234863
10.074802
10.174463
10.047623
10.271104
10.539886
10.784509
10.784508
11.158992
10.983829
10.968729
10.926449
10.844908
11.071411
11.270733
11.334152
11.216372
11.282813
11.276772
11.276772
11.599915
11.835477
12.212980
12.182779
12.134459
12.170700
12.258280
12.342840
12.448542
12.176740
11.832457
11.615015
11.391533
11.053289
11.119731
11.065371
10.654647
10.551967
10.358685
10.382845
10.437205
10.428144
10.564047
10.343584
10.292245
10.252983
10.289224
10.479486
10.618406
10.518746
10.431165
10.237885
10.455325
10.479486
10.271104
10.132183
10.364724
10.256003
10.461365
10.222784
10.322444
10.207684
10.237884
10.259024
10.452305
10.618406
10.410026
10.274124
10.364724
10.425125
10.591227
10.609347
10.594247
10.554986
10.292244
10.473445
10.458345
10.739208
10.705987
10.633507
10.407005
10.428145
10.476465
10.705987
10.847929
10.793568
10.666727
10.542906
10.594247
10.730147
11.050270
10.832829
10.841888
10.950609
11.258652
10.992890
10.929470
10.884170
11.071411
10.304324
10.292245
10.573107
10.530827
10.820748
10.905309
11.180131
10.989869
11.225431
11.288852
11.294892
11.249592
11.738836
11.702595
11.566694
11.642196
11.675415
11.811316
11.766016
12.167679
12.188820
12.197880
12.490822
10.168423
10.240904
10.304324
10.452305
10.491566
10.476465
10.615387
10.802628
10.823769
10.820749
10.893229
10.983829
10.971749
10.974770
11.204291
11.424754
11.451934
11.636154
11.602935
11.590855
11.735816
12.216000
12.028758
12.219021
12.140499
12.040838
12.194860
12.206940
12.134459
12.212979
11.977417
11.844537
11.744876
11.524414
11.666355
11.699576
11.542534
11.424753
11.092550
11.026110
10.926450
10.950609
10.938529
11.038191
10.654647
10.325464
10.249964
10.159363
10.271104
10.162383
12.321701
12.016678
11.460993
11.427773
11.379453
11.334152
11.397573
11.195231
11.001949
10.687867
10.769408
10.968729
11.092551
11.004971
10.893229
10.766389
10.781488
10.968730
11.062350
11.198252
11.092550
10.938530
11.017050
11.107651
11.140871
10.872089
10.884169
10.908329
10.971750
11.062351
11.174091
11.047251
10.856989
10.887189
10.869069
11.137852
11.225431
11.201272
11.207313
11.264691
11.385493
11.618034
11.956278
11.802257
11.832457
11.956278
12.194860
12.481762
10.126143
10.047622
10.092922
10.123122
10.289225
10.355665
10.573107
10.699947
10.666727
10.724107
10.663707
10.838868
11.174091
11.222412
11.300932
11.294892
11.309992
11.319053
11.587835
11.862658
11.729776
11.865678
11.898897
11.926077
12.188820
12.137479
12.433442
12.478743
12.330760
12.593504
12.931746
12.714303
13.067646
12.949865
12.934766
13.393809
10.249964
13.496490
10.095942
10.105002
10.026482
10.108023
10.274124
11.017050
10.693908
10.594247
10.488545
10.397945
10.536866
10.751288
11.403613
11.352273
11.415693
11.011010
10.890209
10.727127
11.068390
12.107279
11.678435
12.071039
11.563674
11.334152
11.004970
11.379453
12.345861
12.376061
12.131439
11.608974
11.599915
11.708635
12.605583
12.901546
12.795845
12.110299
12.049898
12.300560
12.499884
13.112947
13.016306
12.653903
12.672024
12.744505
13.112947
13.840774
13.327369
12.850205
13.194488
13.303208
14.242436
14.082375
13.653532
13.520650
13.463270
14.233377
14.613899
14.665239
13.949493
13.852854
14.293777
10.092922
15.486686
14.399477
14.009894
14.417598
15.365885
10.262044
10.231844
10.029502
14.447798
14.659201
10.485525
10.530826
10.754308
10.645587
10.370765
14.641079
10.642567
10.594247
11.077451
10.974770
10.935509
15.078983
10.262044
10.724108
11.279793
11.207312
10.929469
10.570086
10.391905
10.630487
11.267712
11.587834
11.581795
11.189192
10.908329
10.561027
11.165031
11.192211
11.379453
11.291872
11.285832
10.929469
10.953629
11.379454
11.488174
11.174091
11.252612
11.011010
10.881149
10.805649
11.026110
10.923429
10.869068
11.149931
10.878129
10.699947
10.651627
10.775448
10.766388
10.648607
10.672768
10.488546
10.437205
10.461365
10.304324
10.530827
10.346605
10.403985
10.189564
10.271104
10.120103
10.068762
10.065742
10.168423
10.159363
14.912882
14.689400
14.541418
14.804161
14.619940
14.236396
14.236396
14.200155
14.172976
14.275658
13.877014
13.738092
13.535750
13.662592
13.722992
13.091806
13.424010
13.251869
13.091806
13.242808
12.998186
12.907586
12.913626
12.641823
12.883426
12.841146
12.439482
12.348881
12.258281
12.267341
12.300560
12.363981
12.037819
11.832457
11.633135
11.766016
11.808296
11.823397
11.669374
11.258652
11.385493
11.270733
11.349253
11.442874
11.364353
10.950609
10.875109
10.971749
10.986850
10.914370
10.905309
10.775448
10.394925
10.545926
10.328485
10.570086
10.494586
10.467405
10.237884
13.215629
10.068762
13.285089
13.245829
13.251868
12.871345
12.838125
12.687123
12.753564
12.620684
12.590483
12.234120
12.234119
12.194860
12.110299
12.170699
11.753936
11.723736
11.618034
11.687496
11.663336
11.506293
11.261671
11.237513
10.974770
11.095572
11.234492
11.004971
10.769408
10.603307
10.340565
10.443245
10.545926
10.621427
10.394925
10.059703
12.409281
12.188820
12.246200
12.216001
11.986478
11.376433
10.974770
10.709007
10.796589
10.772428
10.675787
10.379825
10.050642
11.720716
11.923058
11.974398
10.005342
11.892858
11.732796
11.672396
11.675415
10.002322
11.983458
12.001577
11.778097
11.599915
10.044602
10.183523
10.262045
10.117083
10.198624
10.228823
10.582167
10.225803
10.274124
10.219764
10.129164
10.681828
10.095942
12.040839
11.775076
10.080842
10.225804
11.889837
11.974397
10.192583
10.274124
10.243923
11.213352
11.536494
10.198624
11.539515
11.578774
10.721087
11.621056
10.914370
11.391533
11.717695
11.790176
11.935138
10.011381
10.062722
10.449286
10.271104
10.440225
10.570086
10.410025
10.361706
10.259024
10.201644
10.349625
12.092179
10.240903
10.041582
10.237884
10.162383
10.751287
11.222411
11.313012
11.364353
11.436832
10.135203
11.904937
10.219763
10.343585
10.422106
10.530826
10.733168
10.491566
10.289225
10.606327
10.660687
10.328485
10.343585
10.165403
10.108023
10.274124
10.171443
10.105002
10.186543
10.105002
10.150303
11.814337
10.440226
12.856245
10.814708
10.923429
11.023089
11.920037
11.119732
10.654648
10.693908
10.017422
12.285461
10.959669
11.530454
11.723736
11.657294
10.083862
10.053662
10.002321
10.325464
10.313384
10.491566
10.458345
10.443245
10.301304
10.385864
10.105003
10.135202
11.995539
10.111042
10.077823
10.370766
10.440226
10.385864
12.031778
10.056682
10.192584
10.364725
10.533847
10.570087
10.494586
10.443246
10.331504
10.467405
10.675787
10.494585
10.416065
10.180503
10.358685
10.271104
10.437205
10.180504
10.089903
10.268084
10.410026
10.083863
10.171443
10.132183
10.286203
11.889837
10.325464
11.198252
11.460994
10.887188
10.035542
11.424753
10.992889
11.382473
11.590855
10.265064
10.283184
10.736189
10.817729
10.702969
10.778467
10.926449
10.923429
10.790548
10.863029
11.143890
10.847929
10.932489
10.905310
10.917389
10.702967
11.004970
10.618407
10.838868
10.793569
11.174092
11.125771
11.291872
11.104631
11.225432
11.104630
11.255632
11.385493
11.536493
11.482134
11.373413
11.309993
11.306973
11.313012
11.642196
11.554613
11.651257
11.433813
11.479114
11.759975
12.022718
12.068019
12.200899
12.194860
12.188821
10.083862
10.346605
10.331505
10.428144
10.494586
10.464385
10.494585
10.373785
10.470425
11.041211
10.838869
10.503646
10.636527
10.410026
10.699947
10.911348
10.905309
10.950609
11.035171
10.790548
10.844910
11.219393
11.282812
11.174090
11.183151
11.137851
11.186172
11.068390
11.207312
11.331133
11.273752
11.255632
11.092550
11.143891
10.968730
11.152950
11.149931
11.029130
11.177112
11.183151
10.881149
10.787528
10.796589
10.896249
11.101610
10.847928
10.678808
10.600286
11.020069
10.699947
10.835849
10.778467
10.696927
10.639547
10.639547
10.721087
11.014030
10.799608
10.920408
11.001950
10.814708
10.938529
10.766388
10.760348
11.007990
10.959670
10.935510
11.041210
11.116711
10.992889
11.316032
11.476093
11.219392
11.186172
11.228451
11.270732
11.778095
11.500254
11.424753
11.261672
11.349253
11.273752
11.316032
11.442873
11.439854
11.391534
11.424753
11.460994
11.231472
11.240532
11.521394
11.723736
11.454953
11.596895
11.494214
11.409654
11.811317
11.941177
11.995538
12.185800
11.995539
12.016678
12.028759
12.046878
12.170699
12.191839
12.110299
11.944199
11.971377
11.784136
12.007618
11.962317
12.001578
12.019699
11.853598
11.738835
11.913997
11.874737
11.874738
11.898898
11.917017
11.841517
11.747896
11.699575
11.572735
11.633135
11.705616
11.868697
11.687494
11.485153
11.382473
11.554614
11.660315
11.723736
11.790176
11.397573
11.409653
11.189192
11.020070
11.219393
11.309993
11.325092
11.053290
10.757328
10.582167
10.576126
10.533847
10.494586
10.425125
10.455326
10.268085
10.120103
10.059702
12.240160
12.152579
12.125400
12.170700
12.037818
11.829436
11.500254
11.270732
11.213351
11.237512
11.328113
11.322072
10.829809
10.850948
10.319426
10.600286
10.491566
10.702968
10.558007
10.461367
10.204663
10.349625
10.262043
10.349625
10.274124
10.189563
10.120102
10.440226
10.319425
10.153324
10.271104
10.195603
10.225803
10.576126
10.382845
10.379825
10.298285
10.132183
10.449286
10.340564
10.564047
10.428145
11.560655
11.328113
11.618035
11.385492
11.708635
11.720716
11.983458
12.191840
10.071783
10.228823
10.234863
10.639546
10.736187
10.545926
10.564046
10.793569
10.962689
11.158991
10.995910
10.971750
10.853969
10.570086
10.582166
10.642567
10.642567
10.748268
10.567066
10.355665
10.301304
12.560283
10.065742
10.105002
10.111043
12.083119
11.787157
11.104630
11.098591
11.207312
11.068391
10.844909
10.585187
10.403986
10.111042
10.252984
10.316403
10.464385
10.286204
10.234863
10.141243
10.053661
10.262044
10.286204
10.539886
10.524786
10.394924
10.319425
10.425125
10.494585
10.585186
10.382844
10.225803
10.189564
10.379826
10.419086
10.171442
10.156343
10.044602
10.343584
10.340564
10.364725
10.304324
10.243923
10.319424
10.403984
10.808668
10.630486
10.835848
10.693907
10.727127
10.811687
11.186172
11.237512
11.424754
11.479115
11.352272
11.554614
11.886817
12.068018
11.995538
12.342841
12.040838
12.077080
11.865677
11.871717
11.965338
11.944198
11.802257
11.618034
11.319053
11.391534
11.648235
11.524414
11.717695
11.382472
11.149932
11.376432
11.388513
11.578775
11.406633
11.409653
11.282812
11.415693
11.473074
11.560655
11.424753
11.328114
11.412674
11.515354
11.627094
11.479114
11.270733
11.213352
11.373413
11.494215
11.772057
11.615015
11.690516
11.645215
11.802257
12.173719
12.478743
10.114063
10.117083
12.536122
10.089903
10.225803
10.509686
10.461366
10.527806
10.455325
10.400965
10.123122
10.138223
12.484782
10.050642
10.074802
12.351901
12.194860
12.001577
11.793196
11.720716
11.793197
11.874737
11.772057
11.611995
11.512334
11.424754
11.602936
11.756956
11.602935
11.460994
11.255631
11.433813
11.479114
11.624075
11.584814
11.442874
11.234491
11.488174
11.536494
11.711656
11.412674
11.306973
11.451934
11.723736
11.684475
11.769035
11.536494
11.750916
11.877757
12.216000
12.261301
10.059702
10.168423
10.092922
10.304324
10.422106
10.410026
10.657667
10.699947
10.536866
10.636527
10.428144
10.328485
10.337544
10.243923
10.286203
10.204663
10.032522
12.409281
12.152579
11.895877
11.835477
11.735815
11.935137
11.841516
11.660316
11.491194
11.527434
11.639175
11.669374
11.578773
11.285832
11.473073
11.400593
11.723736
11.536494
11.497234
11.234491
11.379454
11.536494
11.732796
11.370393
11.476093
11.270733
11.533474
11.587835
11.596895
11.445893
11.521394
11.699575
11.723736
11.947217
12.007618
12.176739
12.104259
12.212979
12.363981
10.292244
10.141243
10.449286
10.464386
10.573107
10.618406
10.548945
10.811687
10.944569
10.884170
10.920409
10.929469
10.739208
10.699947
10.597267
10.760348
10.551966
10.570086
10.488545
10.159363
12.475721
12.424381
10.062722
12.345860
12.252240
11.904937
11.832457
11.898897
11.898897
11.672396
11.364353
11.195230
11.146910
11.086511
11.162011
10.872088
10.663708
10.512706
10.292245
10.262044
10.219764
10.313384
10.207684
10.026482
11.747896
11.663335
11.696555
11.992518
11.944198
11.895877
11.778096
11.630116
11.633135
11.962317
10.092923
10.035542
11.907958
11.775077
11.651255
11.856617
10.059702
0.000000
0.000000
0.000000
0.000000
0.000000
0.000000
0.000000
0.000000
0.000000
0.000000
0.000000
0.000000
0.000000
0.000000
0.000000
0.000000
0.000000
0.000000
0.000000
0.000000
0.000000
0.000000
0.000000
0.000000
0.000000
0.000000
0.000000
0.000000
0.000000
0.000000
0.000000
0.000000
0.000000
0.000000
0.000000
0.000000
0.000000
0.000000
0.000000
0.000000
0.000000
0.000000
0.000000
0.000000
0.000000
0.000000
0.000000
0.000000
0.000000
0.000000
0.000000
0.000000
0.000000
0.000000
0.000000
0.000000
0.000000
0.000000
0.000000
0.000000
0.000000
0.000000
0.000000
0.000000
0.000000
0.000000
0.000000
0.000000
0.000000
0.000000
0.000000
0.000000
0.000000
0.000000
0.000000
0.000000
0.000000
0.000000
0.000000
0.000000
0.000000
0.000000
0.000000
0.000000
0.000000
0.000000
0.000000
0.000000
0.000000
0.000000
0.000000
0.000000
0.000000
0.000000
0.000000
0.000000
0.000000
0.000000
0.000000
0.000000
0.000000
0.000000
0.000000
0.000000
0.000000
0.000000
0.000000
0.000000
0.000000
0.000000
0.000000
0.000000
0.000000
0.000000
0.000000
0.000000
0.000000
0.000000
0.000000
0.000000
0.000000
0.000000
0.000000
0.000000
0.000000
0.000000
0.000000
0.000000
0.000000
0.000000
0.000000
0.000000
0.000000
0.000000
0.000000
0.000000
0.000000
0.000000
0.000000
0.000000
0.000000
0.000000
0.000000
0.000000
0.000000
0.000000
0.000000
0.000000
0.000000
0.000000
0.000000
0.000000
0.000000
0.000000
0.000000
0.000000
0.000000
0.000000
0.000000
0.000000
0.000000
0.000000
0.000000
0.000000
0.000000
0.000000
0.000000
0.000000
0.000000
0.000000
0.000000
0.000000
0.000000
0.000000
0.000000
0.000000
0.000000
0.000000
0.000000
0.000000
0.000000
0.000000
0.000000
0.000000
0.000000
0.000000
0.000000
0.000000
0.000000
0.000000
0.000000
0.000000
0.000000
0.000000
0.000000
0.000000
0.000000
0.000000
0.000000
0.000000
0.000000
0.000000
0.000000
0.000000
0.000000
0.000000
0.000000
0.000000
0.000000
0.000000
0.000000
0.000000
0.000000
0.000000
0.000000
0.000000
0.000000
0.000000
0.000000
0.000000
0.000000
0.000000
0.000000
0.000000
0.000000
0.000000
0.000000
0.000000
0.000000
0.000000
0.000000
0.000000
0.000000
0.000000
0.000000
0.000000
0.000000
0.000000
0.000000
0.000000
0.000000
0.000000
0.000000
0.000000
0.000000
0.000000
0.000000
0.000000
0.000000
0.000000
0.000000
0.000000
0.000000
0.000000
0.000000
0.000000
0.000000
0.000000
0.000000
0.000000
0.000000
0.000000
0.000000
0.000000
0.000000
0.000000
0.000000
0.000000
0.000000
0.000000
0.000000
0.000000
0.000000
0.000000
0.000000
0.000000
0.000000
0.000000
0.000000
0.000000
0.000000
0.000000
0.000000
0.000000
0.000000
0.000000
0.000000
0.000000
0.000000
0.000000
0.000000
0.000000
0.000000
0.000000
0.000000
0.000000
0.000000
0.000000
0.000000
0.000000
0.000000
0.000000
0.000000
0.000000
0.000000
0.000000
0.000000
0.000000
0.000000
0.000000
0.000000
0.000000
0.000000
0.000000
0.000000
0.000000
0.000000
0.000000
0.000000
0.000000
0.000000
0.000000
0.000000
0.000000
0.000000
0.000000
0.000000
0.000000
0.000000
0.000000
0.000000
0.000000
0.000000
0.000000
0.000000
0.000000
0.000000
0.000000
0.000000
0.000000
0.000000
0.000000
0.000000
0.000000
0.000000
0.000000
0.000000
0.000000
0.000000
0.000000
0.000000
0.000000
0.000000
0.000000
0.000000
0.000000
0.000000
0.000000
0.000000
0.000000
0.000000
0.000000
0.000000
0.000000
0.000000
0.000000
0.000000
0.000000
0.000000
0.000000
0.000000
0.000000
0.000000
0.000000
0.000000
0.000000
0.000000
0.000000
0.000000
0.000000
0.000000
0.000000
0.000000
0.000000
0.000000
0.000000
0.000000
0.000000
0.000000
0.000000
0.000000
0.000000
0.000000
0.000000
0.000000
0.000000
0.000000
0.000000
0.000000
0.000000
0.000000
0.000000
0.000000
0.000000
0.000000
0.000000
0.000000
0.000000
0.000000
0.000000
0.000000
0.000000
0.000000
0.000000
0.000000
0.000000
0.000000
0.000000
0.000000
0.000000
0.000000
0.000000
0.000000
0.000000
0.000000
0.000000
0.000000
0.000000
0.000000
0.000000
0.000000
0.000000
0.000000
0.000000
0.000000
0.000000
0.000000
0.000000
0.000000
0.000000
0.000000
0.000000
0.000000
0.000000
0.000000
0.000000
0.000000
0.000000
0.000000
0.000000
0.000000
0.000000
0.000000
0.000000
0.000000
0.000000
0.000000
0.000000
0.000000
0.000000
0.000000
0.000000
0.000000
0.000000
0.000000
0.000000
0.000000
0.000000
0.000000
0.000000
0.000000
0.000000
0.000000
0.000000
0.000000
0.000000
0.000000
0.000000
0.000000
0.000000
0.000000
0.000000
0.000000
0.000000
0.000000
0.000000
0.000000
0.000000
0.000000
0.000000
0.000000
0.000000
0.000000
0.000000
0.000000
0.000000
0.000000
0.000000
0.000000
0.000000
0.000000
0.000000
0.000000
0.000000
0.000000
0.000000
0.000000
0.000000
0.000000
0.000000
0.000000
0.000000
0.000000
0.000000
0.000000
0.000000
0.000000
0.000000
0.000000
0.000000
0.000000
0.000000
0.000000
0.000000
0.000000
0.000000
0.000000
0.000000
0.000000
0.000000
0.000000
0.000000
0.000000
0.000000
0.000000
0.000000
0.000000
0.000000
0.000000
0.000000
0.000000
0.000000
0.000000
0.000000
0.000000
0.000000
0.000000
0.000000
0.000000
0.000000
0.000000
0.000000
0.000000
0.000000
0.000000
0.000000
0.000000
0.000000
0.000000
0.000000
0.000000
0.000000
0.000000
0.000000
0.000000
0.000000
0.000000
0.000000
0.000000
0.000000
0.000000
0.000000
0.000000
0.000000
0.000000
0.000000
0.000000
0.000000
0.000000
0.000000
0.000000
0.000000
0.000000
0.000000
0.000000
0.000000
0.000000
0.000000
0.000000
0.000000
0.000000
0.000000
0.000000
0.000000
0.000000
0.000000
0.000000
0.000000
0.000000
0.000000
0.000000
0.000000
0.000000
0.000000
0.000000
0.000000
0.000000
0.000000
0.000000
0.000000
0.000000
0.000000
0.000000
0.000000
0.000000
0.000000
0.000000
0.000000
0.000000
0.000000
0.000000
0.000000
0.000000
0.000000
0.000000
0.000000
0.000000
0.000000
0.000000
0.000000
0.000000
0.000000
0.000000
0.000000
0.000000
0.000000
0.000000
0.000000
0.000000
0.000000
0.000000
0.000000
0.000000
0.000000
0.000000
0.000000
0.000000
0.000000
0.000000
0.000000
0.000000
0.000000
0.000000
0.000000
0.000000
0.000000
0.000000
0.000000
0.000000
0.000000
0.000000
0.000000
0.000000
0.000000
0.000000
0.000000
0.000000
0.000000
0.000000
0.000000
0.000000
0.000000
0.000000
0.000000
0.000000
0.000000
0.000000
0.000000
0.000000
0.000000
0.000000
0.000000
0.000000
0.000000
0.000000
0.000000
0.000000
0.000000
0.000000
0.000000
0.000000
0.000000
0.000000
0.000000
0.000000
0.000000
0.000000
0.000000
0.000000
0.000000
0.000000
0.000000
0.000000
0.000000
0.000000
0.000000
0.000000
0.000000
0.000000
0.000000
0.000000
0.000000
0.000000
0.000000
0.000000
0.000000
0.000000
0.000000
0.000000
0.000000
0.000000
0.000000
0.000000
0.000000
0.000000
0.000000
0.000000
0.000000
0.000000
0.000000
0.000000
0.000000
0.000000
0.000000
0.000000
0.000000
0.000000
0.000000
0.000000
0.000000
0.000000
0.000000
0.000000
0.000000
0.000000
0.000000
0.000000
0.000000
0.000000
0.000000
0.000000
0.000000
0.000000
0.000000
0.000000
0.000000
0.000000
0.000000
0.000000
0.000000
0.000000
0.000000
0.000000
0.000000
0.000000
0.000000
0.000000
0.000000
0.000000
0.000000
0.000000
0.000000
0.000000
0.000000
0.000000
0.000000
0.000000
0.000000
0.000000
0.000000
0.000000
0.000000
0.000000
0.000000
0.000000
0.000000
0.000000
0.000000
0.000000
0.000000
0.000000
0.000000
0.000000
0.000000
0.000000
0.000000
0.000000
0.000000
0.000000
0.000000
0.000000
0.000000
0.000000
0.000000
0.000000
0.000000
0.000000
0.000000
0.000000
0.000000
0.000000
0.000000
0.000000
0.000000
0.000000
0.000000
0.000000
0.000000
0.000000
0.000000
0.000000
0.000000
0.000000
0.000000
0.000000
0.000000
0.000000
0.000000
0.000000
0.000000
0.000000
0.000000
0.000000
0.000000
0.000000
0.000000
0.000000
0.000000
0.000000
0.000000
0.000000
0.000000
0.000000
0.000000
0.000000
0.000000
0.000000
0.000000
0.000000
0.000000
0.000000
0.000000
0.000000
0.000000
0.000000
0.000000
0.000000
0.000000
0.000000
0.000000
0.000000
0.000000
0.000000
0.000000
0.000000
0.000000
0.000000
0.000000
0.000000
0.000000
0.000000
0.000000
0.000000
0.000000
0.000000
0.000000
0.000000
0.000000
0.000000
0.000000
0.000000
0.000000
0.000000
0.000000
0.000000
0.000000
0.000000
0.000000
0.000000
0.000000
0.000000
0.000000
0.000000
0.000000
0.000000
0.000000
0.000000
0.000000
0.000000
0.000000
0.000000
0.000000
0.000000
0.000000
0.000000
0.000000
0.000000
0.000000
0.000000
0.000000
0.000000
0.000000
0.000000
0.000000
0.000000
0.000000
0.000000
0.000000
0.000000
0.000000
0.000000
0.000000
0.000000
0.000000
0.000000
0.000000
0.000000
0.000000
0.000000
0.000000
0.000000
0.000000
0.000000
0.000000
0.000000
0.000000
0.000000
0.000000
0.000000
0.000000
0.000000
0.000000
0.000000
0.000000
0.000000
0.000000
0.000000
0.000000
0.000000
0.000000
0.000000
0.000000
0.000000
0.000000
0.000000
0.000000
0.000000
0.000000
0.000000
0.000000
0.000000
0.000000
0.000000
0.000000
0.000000
0.000000
0.000000
0.000000
0.000000
0.000000
0.000000
0.000000
0.000000
0.000000
0.000000
0.000000
0.000000
0.000000
0.000000
0.000000
0.000000
0.000000
0.000000
0.000000
0.000000
0.000000
0.000000
0.000000
0.000000
0.000000
0.000000
0.000000
0.000000
0.000000
0.000000
0.000000
0.000000
0.000000
0.000000
0.000000
0.000000
0.000000
0.000000
0.000000
0.000000
0.000000
0.000000
0.000000
0.000000
0.000000
0.000000
0.000000
0.000000
0.000000
0.000000
0.000000
0.000000
0.000000
0.000000
0.000000
0.000000
0.000000
0.000000
0.000000
0.000000
0.000000
0.000000
0.000000
0.000000
0.000000
0.000000
0.000000
0.000000
0.000000
0.000000
0.000000
0.000000
0.000000
0.000000
0.000000
0.000000
0.000000
0.000000
0.000000
0.000000
0.000000
0.000000
0.000000
0.000000
0.000000
0.000000
0.000000
0.000000
0.000000
0.000000
0.000000
0.000000
0.000000
0.000000
0.000000
0.000000
0.000000
0.000000
0.000000
0.000000
0.000000
0.000000
0.000000
0.000000
0.000000
0.000000
0.000000
0.000000
0.000000
0.000000
0.000000
0.000000
0.000000
0.000000
0.000000
0.000000
0.000000
0.000000
0.000000
0.000000
0.000000
0.000000
0.000000
0.000000
0.000000
0.000000
0.000000
0.000000
0.000000
0.000000
0.000000
0.000000
0.000000
0.000000
0.000000
0.000000
0.000000
0.000000
0.000000
0.000000
0.000000
0.000000
0.000000
0.000000
0.000000
0.000000
0.000000
0.000000
0.000000
0.000000
0.000000
0.000000
0.000000
0.000000
0.000000
0.000000
0.000000
0.000000
0.000000
0.000000
0.000000
0.000000
0.000000
0.000000
0.000000
0.000000
0.000000
0.000000
0.000000
0.000000
0.000000
0.000000
0.000000
0.000000
0.000000
0.000000
0.000000
0.000000
