2.020210
2.061137
2.102113
2.142370
2.287390
2.250053
2.250053
2.250053
2.250053
2.250053
2.250053
2.250053
2.250053
2.121993
2.101825
2.101825
2.101825
2.101825
2.101825
2.101825
2.101825
2.101825
2.101825
2.146727
2.171642
2.237612
2.261748
2.310183
2.359156
2.404311
2.449364
2.493100
2.558647
2.607444
2.652461
2.712825
2.762275
2.822784
2.863349
2.974142
2.913264
2.863760
2.798371
2.733482
2.683754
2.643347
2.573572
2.528537
2.467901
2.423223
2.378139
2.257056
2.112282
2.094130
2.078399
2.078399
2.078399
2.078399
2.078399
2.078399
2.078399
2.078399
2.078399
2.078399
2.078399
2.078399
2.078399
2.078399
2.078399
2.078399
2.102976
2.151768
2.201532
2.241934
2.286606
2.424147
2.464513
2.529353
2.579491
2.619905
2.664729
2.729569
2.770013
2.844771
2.889938
2.955189
3.004814
3.065263
3.139961
3.185116
3.250494
3.325282
3.385857
3.460410
3.520883
3.590525
3.655775
3.725532
3.810818
3.880230
3.965872
4.035653
4.218499
4.138196
3.921254
3.783858
3.717853
3.542129
3.452042
3.377791
3.317246
3.243140
3.172961
3.107922
3.058647
2.993070
2.918632
2.873495
2.808250
2.758680
2.693338
2.648418
2.603220
2.537885
2.493231
2.433018
2.387778
2.338364
2.293360
2.197647
2.126556
2.088372
2.078785
2.078785
2.078785
2.078785
2.078785
2.078785
2.078785
2.097745
2.097745
2.097745
2.097745
2.097745
2.097745
2.097745
2.097745
2.097745
2.097745
2.097745
2.143015
2.192743
2.217543
2.257740
2.323305
2.347912
2.413000
2.453474
2.502870
2.547850
2.613258
2.662605
2.702916
2.748156
2.817738
2.878223
2.928120
2.977781
3.043436
3.117747
3.163090
3.232985
3.298176
3.363390
3.433050
3.493674
3.568172
3.628754
3.698378
3.783875
3.853287
3.938482
4.012654
4.098078
4.172142
4.252878
4.347393
4.437480
4.507411
4.597227
4.702655
4.796965
4.882612
4.993163
5.092618
5.177789
5.287857
5.387403
5.497585
5.603328
5.745381
5.631001
5.516071
5.405763
5.295665
5.181091
5.075850
4.965051
4.870300
4.780322
4.674983
4.580553
4.495158
4.405186
4.310731
4.225174
4.125839
4.035807
3.965833
3.875800
3.810561
3.720721
3.655217
3.590359
3.520463
3.435323
3.370453
3.309834
3.235717
3.175075
3.105669
3.045135
2.995021
2.930416
2.869811
2.820536
2.750211
2.709973
2.640723
2.600225
2.535385
2.485681
2.445352
2.400420
2.202643
2.117866
2.074817
2.046544
2.037337
2.026678
2.026678
2.026678
2.026678
2.026678
2.026678
2.026678
2.026678
2.030596
2.030596
2.030596
2.030596
2.030596
2.030596
2.030596
2.030596
2.030596
2.030596
2.030596
2.030596
2.030596
2.146036
2.146036
2.146036
2.146036
2.146036
2.146036
2.146036
2.146036
2.146036
2.249750
2.249750
2.249750
2.249750
2.249750
2.249750
2.249750
2.249750
2.249750
2.249750
2.249750
2.290176
2.330330
2.399779
2.440477
2.557974
2.598310
2.663047
2.708154
2.774051
2.823851
2.864108
2.925004
2.994411
3.055065
3.124586
3.164885
3.250068
3.299941
3.360619
3.434815
3.495476
3.570258
3.631166
3.696344
3.781714
3.851030
3.911448
4.001252
4.071020
4.160848
4.246302
4.311112
4.381538
4.471088
4.561194
4.655413
4.716043
4.810811
4.920558
5.005771
5.100769
5.210939
5.277374
5.182932
5.097912
4.991734
4.892315
4.782954
4.677670
4.592336
4.477364
4.396832
4.302335
4.216555
4.146834
4.041876
3.961701
3.871698
3.790906
3.716747
3.651557
3.552578
3.492208
3.417656
3.357110
3.287456
3.222079
3.127105
3.086788
3.026272
2.951956
2.891652
2.841966
2.776981
2.736737
2.662184
2.621643
2.556707
2.511889
2.471010
2.401272
2.197457
2.104516
2.080198
2.050337
2.035755
2.028158
2.025896
2.022140
2.022140
2.022140
2.022140
2.022140
2.022140
2.022140
2.022579
2.022579
2.022579
2.022579
2.022579
2.022579
2.022579
2.042982
2.088693
2.133251
2.176854
2.147847
2.103247
2.081871
2.046995
2.037738
2.034490
2.034490
2.034490
2.034490
2.034490
2.034490
2.034490
2.034490
2.034490
2.034490
2.034490
2.055358
2.097095
2.246275
2.246275
2.246275
2.246275
2.246275
2.246275
2.246275
2.246275
2.146883
2.124043
2.110722
2.096466
2.084481
2.075564
2.072705
2.069536
2.065665
2.064813
2.064351
2.064351
2.064351
2.064351
2.064351
2.064351
2.064351
2.064351
2.064351
2.064351
2.064351
2.064351
2.064351
2.064351
2.064351
2.104723
2.149667
2.189900
2.198413
2.104748
2.104748
2.091270
2.091270
2.091270
2.091270
2.091270
2.091270
2.091270
2.091270
2.091270
2.091270
2.091270
2.091270
2.082763
2.082763
2.082763
2.082763
2.082763
2.082763
2.082763
2.082763
2.082763
2.082763
2.082763
2.082763
2.132491
2.288471
2.288471
2.288471
2.288471
2.288471
2.288471
2.318249
2.271350
2.229698
2.203315
2.187485
2.169221
2.162356
2.146223
2.138303
2.138165
2.132848
2.127199
2.122801
2.120987
2.120987
2.120987
2.120987
2.120987
2.120987
2.120872
2.120872
2.120872
2.120872
2.120872
2.120872
2.120872
2.140919
2.273530
2.233129
2.163565
2.138481
2.095585
2.052622
2.039618
2.032137
2.032137
2.032137
2.032137
2.032137
2.032137
2.032137
2.032137
2.032137
2.032137
2.032137
2.032137
2.052643
2.206142
2.206142
2.206142
2.206142
2.206142
2.206142
2.206142
2.206142
2.226998
2.269889
2.313051
2.355120
2.418685
2.553127
2.511855
2.449195
2.407332
2.366682
2.189824
2.109156
2.066391
2.045793
2.035056
2.031388
2.027946
2.027946
2.027946
2.027946
2.027946
2.027946
2.027946
2.033621
2.033621
2.033621
2.033621
2.033621
2.033621
2.033621
2.033621
2.033621
2.033621
2.033621
2.058428
2.098782
2.139588
2.291993
2.291993
2.291993
2.353523
2.393883
2.434291
2.550310
2.500286
2.459944
2.228947
2.121183
2.050746
2.034314
2.034314
2.034314
2.034314
2.034314
2.034314
2.034314
2.034314
2.034314
2.034314
2.034314
2.034314
2.034314
2.054355
2.181802
2.181802
2.181802
2.181802
2.181802
2.181802
2.181802
2.181802
2.181802
2.202731
2.245283
2.287472
2.350229
2.392521
2.434596
2.527403
2.485473
2.444358
2.291633
2.165220
2.077905
2.050404
2.038277
2.033588
2.025731
2.025731
2.025731
2.025731
2.025731
2.025731
2.034494
2.034494
2.034494
2.034494
2.034494
2.034494
2.034494
2.034494
2.034494
2.034494
2.034494
2.034494
2.034494
2.081311
2.130205
2.284646
2.284646
2.284646
2.305315
2.366537
2.407199
2.448229
2.555761
2.515208
2.474396
2.413850
2.208415
2.041872
2.035325
2.027508
2.027508
2.027508
2.027508
2.027508
2.027508
2.027508
2.027508
2.027508
2.027508
2.027508
2.027508
2.150280
2.150280
2.150280
2.150280
2.150280
2.150280
2.150280
2.150280
2.150280
2.150280
2.191159
2.232938
2.274880
2.317112
2.379488
2.541622
2.499976
2.438132
2.396437
2.334925
2.180288
2.104112
2.062362
2.043205
2.032328
2.031491
2.025641
2.025641
2.025641
2.025641
2.025641
2.025641
2.025641
2.025641
2.025641
2.025641
2.025641
2.025641
2.025641
2.025641
2.025641
2.025641
2.025641
2.049904
2.196627
2.196627
2.196627
2.196627
2.216898
2.257137
2.297895
2.339052
2.533105
2.492196
2.451449
2.386404
2.345803
2.164152
2.075378
2.075378
2.075378
2.075378
2.075378
2.075378
2.075378
2.075378
2.075378
2.075378
2.075378
2.075378
2.075378
2.075378
2.075378
2.075378
2.153189
2.113591
2.113591
2.113591
2.113591
2.113591
2.113591
2.113591
2.113591
2.113591
2.113591
2.113591
2.230925
2.230925
2.230925
2.230925
2.230925
2.230925
2.230925
2.230925
2.230925
2.230925
2.230925
2.271708
2.312321
2.353460
2.419786
2.464754
2.525856
2.566898
2.627431
2.667761
2.728620
2.778384
2.839141
2.904314
2.949222
3.102003
3.032102
2.971351
2.901649
2.861350
2.800678
2.730975
2.690585
2.625806
2.580572
2.519954
2.360439
2.237671
2.213938
2.213938
2.213938
2.213938
2.213938
2.213938
2.213938
2.213938
2.213938
2.213938
2.213938
2.213938
2.213938
2.213938
2.213938
2.213938
2.258840
2.308290
2.328439
2.393557
2.442947
2.487897
2.528425
2.573086
2.638191
2.678684
2.728152
2.788359
2.853429
2.902927
2.963624
3.008435
3.078330
3.148570
3.198044
3.263633
3.337925
3.403412
3.472872
3.538208
3.608030
3.673203
3.743116
3.813121
3.903123
3.983571
4.058455
4.144061
4.213582
4.294023
4.393526
4.478733
4.568573
4.658086
4.743559
4.853445
4.943163
5.043839
5.138263
5.252885
5.343383
5.457939
5.552194
5.757265
5.627163
5.536617
5.422007
5.311885
5.201262
5.086494
4.992010
4.886442
4.776121
4.677022
4.591622
4.501776
4.387015
4.321559
4.231847
4.141693
4.056154
3.966508
3.906035
3.811496
3.746275
3.676833
3.591674
3.526755
3.436716
3.371339
3.306275
3.236398
3.176154
3.101559
3.061272
2.986768
2.926126
2.881526
2.816252
2.751242
2.701478
2.661083
2.591429
2.546479
2.506041
2.342353
2.174531
2.107868
2.059793
2.049458
2.042781
2.035647
2.031823
2.026682
2.026682
2.026682
2.026682
2.026682
2.026682
2.026682
2.026682
2.082601
2.082601
2.082601
2.082601
2.082601
2.082601
2.082601
2.040005
2.035739
2.034165
2.027286
2.027286
2.027286
2.027286
2.027286
2.027286
2.027286
2.034235
2.034235
2.034235
2.034235
2.034235
2.034235
2.034235
2.042427
2.034828
2.029442
2.029442
2.029442
2.029442
2.029442
2.029442
2.029442
2.029442
2.023000
2.023000
2.023000
2.023000
2.023000
2.023000
2.023000
2.048365
2.038132
2.029653
2.029606
2.022017
2.022017
2.022017
2.022017
2.022017
2.022017
2.022017
2.064274
2.109013
2.129573
2.117985
2.075252
2.051397
2.038748
2.038748
2.027731
2.027731
2.027731
2.027731
2.027731
2.027731
2.031412
2.031412
2.031412
2.031412
2.031412
2.031412
2.031412
2.031412
2.158108
2.158108
2.158108
2.158108
2.158108
2.158108
2.158108
2.158108
2.158108
2.158108
2.259133
2.259133
2.259133
2.259133
2.259133
2.259133
2.279772
2.320500
2.361488
2.402741
2.463359
2.504202
2.639143
2.639143
2.639143
2.639143
2.639143
2.639143
2.768615
2.768615
2.768615
2.768615
2.768615
2.762778
2.762778
2.762778
2.762778
2.762778
2.676538
2.676538
2.676538
2.676538
2.676538
2.676538
2.724867
2.724867
2.724867
2.724867
2.724867
2.851039
2.851039
2.851039
2.851039
2.851039
2.851039
2.851039
2.851039
2.851039
2.875658
2.940540
3.005851
3.134573
3.066474
3.001789
2.970494
2.970494
2.970494
2.970494
3.015655
2.942832
2.899830
2.899830
2.899830
2.899830
2.899830
2.953539
2.787954
2.738444
2.673483
2.628237
2.578437
2.513307
2.472971
2.403323
2.353632
2.333506
2.268129
2.218763
2.173807
2.133568
2.088636
2.087565
2.087565
2.087565
2.087565
2.087565
2.087565
2.087565
2.087565
2.087565
2.087565
2.087565
2.087565
2.087565
2.108512
2.341556
2.461922
2.511366
2.551792
2.592260
2.653373
2.737813
2.688393
2.643190
2.582481
2.532844
2.472159
2.431830
2.278560
2.112283
2.088076
2.078073
2.078073
2.078073
2.078073
2.078073
2.078073
2.078073
2.078073
2.078073
2.078073
2.078073
2.078073
2.078073
2.078073
2.078073
2.078073
2.078073
2.098132
2.143076
2.188184
2.228978
2.269658
2.314650
2.359769
2.468684
2.424578
2.372603
2.330443
2.309408
2.290943
2.286847
2.286847
2.286847
2.286847
2.286847
2.286847
2.286847
2.286847
2.286847
2.286847
2.286847
2.286847
2.311799
2.356525
2.401783
2.442360
2.603080
2.603080
2.603080
2.603080
2.479690
2.434504
2.372268
2.351248
2.322367
2.313531
2.313531
2.313531
2.313531
2.313531
2.313531
2.313531
2.313531
2.313531
2.313531
2.313531
2.313531
2.362957
2.408100
2.448647
2.493694
2.649275
2.649275
2.649275
2.649275
2.502754
2.433015
2.383415
2.352267
2.314151
2.314151
2.314151
2.314151
2.314151
2.314151
2.314151
2.314151
2.314151
2.314151
2.314151
2.314151
2.314151
2.339144
2.379347
2.419411
2.484529
2.524955
2.672074
2.672074
2.779530
2.714502
2.669758
2.608868
2.563797
2.498860
2.458434
2.408863
2.364046
2.294108
2.249406
2.204262
2.159312
2.109923
2.084965
2.044708
2.000000
2.000000
2.000000
2.000000
2.000000
2.000000
2.000000
2.000000
2.000000
2.000000
2.000000
2.000000
0.000000
0.000000
0.000000
0.000000
0.000000
0.000000
0.000000
0.000000
0.000000
0.000000
0.000000
0.000000
0.000000
0.000000
0.000000
0.000000
0.000000
0.000000
0.000000
0.000000
0.000000
0.000000
0.000000
0.000000
0.000000
0.000000
0.000000
0.000000
0.000000
0.000000
0.000000
0.000000
0.000000
0.000000
0.000000
0.000000
0.000000
0.000000
0.000000
0.000000
0.000000
0.000000
0.000000
0.000000
0.000000
0.000000
0.000000
0.000000
0.000000
0.000000
0.000000
0.000000
0.000000
0.000000
0.000000
0.000000
0.000000
0.000000
0.000000
0.000000
0.000000
0.000000
0.000000
0.000000
0.000000
0.000000
0.000000
0.000000
0.000000
0.000000
0.000000
0.000000
0.000000
0.000000
0.000000
0.000000
0.000000
0.000000
0.000000
0.000000
0.000000
0.000000
0.000000
0.000000
0.000000
0.000000
0.000000
0.000000
0.000000
0.000000
0.000000
0.000000
0.000000
0.000000
0.000000
0.000000
0.000000
0.000000
0.000000
0.000000
0.000000
0.000000
0.000000
0.000000
0.000000
0.000000
0.000000
0.000000
0.000000
0.000000
0.000000
0.000000
0.000000
0.000000
0.000000
0.000000
0.000000
0.000000
0.000000
0.000000
0.000000
0.000000
0.000000
0.000000
0.000000
0.000000
0.000000
0.000000
0.000000
0.000000
0.000000
0.000000
0.000000
0.000000
0.000000
0.000000
0.000000
0.000000
0.000000
0.000000
0.000000
0.000000
0.000000
0.000000
0.000000
0.000000
0.000000
0.000000
0.000000
0.000000
0.000000
0.000000
0.000000
0.000000
0.000000
0.000000
0.000000
0.000000
0.000000
0.000000
0.000000
0.000000
0.000000
0.000000
0.000000
0.000000
0.000000
0.000000
0.000000
0.000000
0.000000
0.000000
0.000000
0.000000
0.000000
0.000000
0.000000
0.000000
0.000000
0.000000
0.000000
0.000000
0.000000
0.000000
0.000000
0.000000
0.000000
0.000000
0.000000
0.000000
0.000000
0.000000
0.000000
0.000000
0.000000
0.000000
0.000000
0.000000
0.000000
0.000000
0.000000
0.000000
0.000000
0.000000
0.000000
0.000000
0.000000
0.000000
0.000000
0.000000
0.000000
0.000000
0.000000
0.000000
0.000000
0.000000
0.000000
0.000000
0.000000
0.000000
0.000000
0.000000
0.000000
0.000000
0.000000
0.000000
0.000000
0.000000
0.000000
0.000000
0.000000
0.000000
0.000000
0.000000
0.000000
0.000000
0.000000
0.000000
0.000000
0.000000
0.000000
0.000000
0.000000
0.000000
0.000000
0.000000
0.000000
0.000000
0.000000
0.000000
0.000000
0.000000
0.000000
0.000000
0.000000
0.000000
0.000000
0.000000
0.000000
0.000000
