0.000233
-0.000111
-0.000107
-0.000319
-0.000104
0.000205
-0.000032
-0.000005
-0.000102
0.000357
0.000225
0.000033
0.001007
0.001408
0.000390
0.000224
0.000382
0.000318
0.000442
0.000619
0.000580
0.000068
-0.000008
0.000476
0.002195
0.006096
0.010580
0.015034
0.021711
0.029064
0.035857
0.042180
0.045486
0.045669
0.042827
0.037918
0.031115
0.023297
0.015382
0.007120
-0.000688
-0.008341
-0.017097
-0.026100
-0.034504
-0.043616
-0.052568
-0.060244
-0.066815
-0.070066
-0.068372
-0.064354
-0.057052
-0.048224
-0.039118
-0.029056
-0.019506
-0.010352
-0.001815
0.005121
0.010677
0.013125
0.015160
0.016691
0.016534
0.017102
0.013276
0.012591
0.012145
0.011527
0.010426
0.010170
0.009542
0.008660
0.008039
0.007844
0.007219
0.006364
0.006341
0.006132
0.005156
0.004680
0.004666
0.004082
0.003310
0.003606
0.003773
0.003157
0.003012
0.002858
0.002525
0.002537
0.002409
0.001957
0.001906
0.001837
0.001399
0.001362
0.001334
0.001115
0.001013
0.001119
0.001061
0.000801
0.000748
0.000645
0.000578
0.000416
0.000672
0.000298
0.000145
-0.000037
-0.000260
-0.000062
0.000124
0.000076
0.000075
0.000103
0.000056
0.000155
0.000433
0.000712
0.000474
0.000331
0.000422
0.000463
0.000405
0.000913
0.003245
0.006372
0.009920
0.014016
0.019108
0.025614
0.033094
0.040177
0.046676
0.053656
0.059956
0.066976
0.072973
0.075445
0.076681
0.074790
0.071219
0.067269
0.061939
0.057045
0.052432
0.048017
0.044136
0.041042
0.037354
0.034198
0.031594
0.028965
0.026873
0.025143
0.022465
0.020334
0.019009
0.017219
0.015910
0.014830
0.010964
0.009859
0.009160
0.008763
0.008095
0.007410
0.006885
0.006660
0.006214
0.005226
0.005271
0.005198
0.004646
0.004190
0.003850
0.003514
0.002852
0.003146
0.002976
0.002813
0.002519
0.002343
0.001933
0.001618
0.001942
0.001526
0.000943
0.000631
0.000251
-0.000400
-0.000004
-0.000244
-0.000826
-0.001043
-0.001016
-0.000896
-0.000371
-0.000145
-0.000199
-0.000259
-0.000183
-0.000258
-0.000404
-0.000197
0.000311
0.000577
0.000754
0.000776
0.000739
0.000703
0.000767
0.001359
0.001500
0.001541
0.001540
0.001478
0.001522
0.001357
0.001776
0.001981
0.002016
0.001949
0.001776
0.001616
0.001351
0.001056
0.000991
0.001023
0.001237
0.002144
0.003140
0.003958
0.004665
0.005261
0.006117
0.007482
0.008966
0.010123
0.010792
0.010958
0.011035
0.011093
0.010913
0.009917
0.008682
0.006973
0.004986
0.003202
0.001931
0.000405
-0.001051
-0.002706
-0.004555
-0.006241
-0.007258
-0.007877
-0.011570
-0.012813
-0.014103
-0.015426
-0.016929
-0.017367
-0.017841
-0.018309
-0.018891
-0.018596
-0.018165
-0.016705
-0.014846
-0.012932
-0.010637
-0.007785
-0.005563
-0.003291
-0.000952
0.000821
0.002537
0.004368
0.005483
0.006268
0.006861
0.007074
0.007197
0.007325
0.007009
0.006603
0.006212
0.005699
0.005038
0.004486
0.003999
0.003436
0.003131
0.003608
0.003070
0.002615
0.002240
0.001859
0.001599
0.001505
0.001300
0.001187
0.001143
0.001045
0.000874
0.000749
0.000646
0.000416
0.000485
0.000691
0.000905
0.000635
0.000562
0.000499
0.000463
0.000657
0.000790
0.001734
0.003896
0.007405
0.010979
0.015905
0.022175
0.029210
0.036332
0.043101
0.049822
0.056624
0.061523
0.067411
0.073670
0.076407
0.076374
0.074349
0.070663
0.066052
0.060964
0.055807
0.050918
0.046829
0.043194
0.038888
0.035727
0.032872
0.029946
0.027972
0.026003
0.023191
0.021343
0.020179
0.018630
0.017526
0.016532
0.014898
0.013003
0.012421
0.011618
0.010904
0.010103
0.009209
0.006365
0.005616
0.005752
0.005577
0.005106
0.004764
0.004434
0.003864
0.003012
0.003163
0.003110
0.002722
0.002719
0.002761
0.002436
0.001676
0.001968
0.002145
0.001493
0.001329
0.001256
0.000794
0.000519
0.001216
0.001275
0.000778
0.000457
0.000526
0.000301
0.000785
0.000880
0.000592
0.000236
0.000107
-0.000082
-0.000137
0.000173
0.000275
0.000050
-0.000210
-0.000333
-0.000368
-0.000250
-0.000010
0.000310
0.000338
0.000196
0.000119
-0.000007
0.000048
0.000227
0.000426
0.000276
0.000009
-0.000105
-0.000135
-0.000128
0.000029
0.000367
0.000454
0.000424
0.000260
0.000056
-0.000093
0.000141
0.000228
-0.000251
-0.000534
-0.000697
-0.000744
-0.000724
-0.000398
-0.000102
-0.000073
-0.000087
-0.000136
-0.000169
-0.000050
0.000116
0.000141
0.000184
-0.000100
-0.000167
-0.000190
-0.000383
-0.000848
-0.001155
-0.001214
-0.001057
-0.000798
-0.000527
-0.000249
-0.000083
-0.000119
0.000219
0.000737
0.000699
0.000790
0.001268
0.000903
0.000601
0.000491
0.000397
0.000288
0.000337
-0.000046
-0.000102
-0.000119
-0.000196
-0.000254
-0.000587
-0.000658
-0.000131
-0.000039
-0.000126
-0.000219
-0.000299
-0.000467
-0.000659
-0.000260
-0.000090
-0.000028
0.000069
0.000088
0.000020
0.000171
0.000355
0.000441
0.000452
0.000425
0.000377
0.000299
0.000240
0.000210
0.000143
0.000041
-0.000044
-0.000060
-0.000119
-0.000154
-0.000083
0.000030
0.000101
0.000107
0.000063
0.000001
0.000026
0.000059
0.000169
0.000330
0.000435
0.000338
0.000231
0.000304
0.000351
0.000492
0.000518
0.000318
0.000077
0.000008
0.000134
0.000258
0.000319
0.000205
-0.000054
-0.000262
-0.000315
-0.000298
-0.000374
-0.000548
-0.000773
-0.000964
-0.001026
-0.000974
-0.001310
-0.000892
-0.001413
-0.001025
-0.001004
-0.001191
-0.000818
-0.000594
-0.000534
-0.000536
-0.000217
0.000210
0.000400
0.000445
0.000398
0.000543
0.000823
0.000947
0.000901
0.000674
0.000461
0.000549
0.000835
0.000814
0.000634
0.000335
0.000334
0.000601
0.000768
0.000764
0.000545
0.000195
0.000131
0.000405
0.000446
0.000342
0.000086
-0.000222
-0.000351
-0.000269
-0.000086
-0.000097
-0.000175
-0.000353
-0.000519
-0.000345
0.000026
0.000110
0.000252
0.000265
0.000106
-0.000063
-0.000103
0.000101
0.000019
-0.000098
-0.000292
-0.000539
-0.000678
-0.000592
-0.000396
-0.000340
-0.000401
-0.000412
-0.000392
-0.000269
-0.000606
-0.000313
-0.000206
-0.000287
-0.000416
-0.000371
0.000081
0.000431
0.000442
0.000313
0.000503
0.000459
0.000656
0.000768
0.000736
0.000583
0.000403
0.000210
0.000051
0.000050
-0.000100
-0.000213
-0.000113
-0.000058
0.000076
0.000257
0.000254
0.000248
0.000363
0.000340
0.000130
0.000183
0.000228
0.000076
0.000026
-0.000009
-0.000079
0.000025
0.000175
0.000096
0.000165
0.000119
0.000121
0.000199
0.000367
0.000153
0.000290
0.000522
0.000545
0.000630
0.000575
0.000657
0.000625
0.000534
0.000515
0.000095
-0.000288
0.000946
0.003102
0.007921
0.013618
0.017410
0.023235
0.029578
0.036168
0.042551
0.049194
0.056129
0.062884
0.069741
0.077050
0.085090
0.093873
0.123610
0.135503
0.147337
0.157374
0.162797
0.135436
0.130087
0.145057
0.132410
0.117020
0.103724
0.093681
0.070311
0.065173
0.060272
0.055157
0.050874
0.047028
0.043107
0.039330
0.035819
0.031387
0.025679
0.018851
0.010899
0.002639
-0.005046
-0.014300
-0.024389
-0.034089
-0.043132
-0.051103
-0.057212
-0.059288
-0.057667
-0.053392
-0.046240
-0.038219
-0.029357
-0.019996
-0.010387
-0.000430
0.009398
0.018494
0.026373
0.034261
0.040491
0.044455
0.046572
0.046711
0.045730
0.043584
0.040408
0.037402
0.034414
0.031431
0.029125
0.027174
0.024747
0.022069
0.023629
0.024512
0.018979
0.012344
0.014994
0.010374
0.008564
0.008795
0.008465
0.007231
0.007041
0.007392
0.006784
0.006096
0.006744
0.006066
0.005360
0.004932
0.004491
0.003690
0.003118
0.003307
0.002850
0.002652
0.002521
0.002435
0.002061
0.002134
0.002430
0.001703
0.001431
0.001544
0.001320
0.001203
0.001905
0.001849
0.001299
0.000798
0.000939
0.000755
0.001158
0.001230
0.001155
0.000716
0.000573
0.000791
0.000722
0.000579
0.000452
0.000116
-0.000254
-0.000540
-0.000783
-0.000852
-0.000592
-0.000252
-0.000373
-0.000508
-0.000548
-0.000374
-0.000319
-0.000377
-0.000309
-0.000183
0.000136
0.000457
0.000636
0.000551
0.000949
0.001017
0.000451
0.000188
0.000044
0.000030
0.000134
0.000458
0.000440
0.000381
0.000129
-0.000010
0.000717
0.001040
0.000806
0.000671
0.000398
-0.000164
-0.000160
-0.000288
-0.000882
-0.001399
-0.001830
-0.002013
-0.001702
-0.001382
-0.001082
-0.001152
-0.000855
-0.000620
0.000143
0.000854
0.000908
0.001298
0.000752
0.000534
0.000557
0.000607
0.000601
0.000589
0.000696
0.000214
0.000137
0.000586
0.000682
0.000873
0.000856
0.000500
-0.000341
-0.000353
-0.000275
-0.000257
-0.000385
-0.000611
-0.000696
-0.000906
-0.000477
-0.000413
-0.000427
-0.000492
-0.000490
-0.000449
-0.000250
0.000119
0.000260
0.000033
-0.000083
-0.000056
0.000063
0.000099
0.000084
0.000100
0.000099
0.000268
0.000703
0.000568
0.000667
0.000328
0.000241
0.000937
0.000585
-0.000135
-0.000257
-0.000183
-0.000090
-0.000333
-0.000716
-0.000692
-0.000291
-0.000007
-0.000101
-0.000339
-0.000271
0.000013
0.000159
0.000234
0.000275
0.000000
-0.000171
-0.000014
0.000148
0.000178
-0.000247
-0.000360
-0.000176
-0.000216
-0.000509
-0.000432
-0.000300
-0.000438
-0.000243
0.000019
0.000165
0.000227
0.000054
0.000139
0.000277
0.000392
0.000414
0.000387
0.000269
0.000029
0.000080
0.000193
0.000147
-0.000028
-0.000159
-0.000252
-0.000393
-0.000285
-0.000129
-0.000090
-0.000204
-0.000252
-0.000175
-0.000307
-0.000117
0.000343
0.000027
-0.000421
-0.000204
0.000162
-0.000065
0.000053
0.000141
0.000130
-0.000174
-0.000084
0.000372
0.000519
0.000338
0.000315
0.000309
0.000009
0.000038
0.000164
-0.000202
-0.000169
-0.000042
-0.000110
-0.000086
0.000048
-0.000076
-0.000092
-0.000237
-0.000280
0.000172
0.000692
0.000544
0.000590
0.000728
0.000104
-0.000118
-0.000144
0.000193
0.000136
0.000075
0.000064
0.000004
0.000114
0.000286
-0.000416
-0.000546
0.000463
0.000862
0.000201
-0.000044
-0.000044
-0.000219
0.000152
0.000601
0.000737
-0.000301
-0.002209
-0.004706
-0.008968
-0.013953
-0.023729
-0.025666
-0.031395
-0.038702
-0.046369
-0.053907
-0.061189
-0.068437
-0.077099
-0.086171
-0.115933
-0.107328
-0.140621
-0.152003
-0.161545
-0.169498
-0.146354
-0.180778
-0.185511
-0.157639
-0.159988
-0.162003
-0.228680
-0.214053
-0.143606
-0.161512
-0.138971
-0.123585
-0.071968
-0.052507
-0.038764
-0.045941
-0.040237
-0.042581
-0.043354
-0.042923
-0.041549
-0.037439
-0.032558
-0.025406
-0.017805
-0.010460
-0.001939
0.007340
0.016477
0.025196
0.034010
0.042746
0.050958
0.059308
0.067974
0.077493
0.087396
0.096505
0.105203
0.113886
0.121681
0.127770
0.131869
0.131354
0.127391
0.119989
0.133769
0.109382
0.103421
0.088847
0.078531
0.071122
0.061310
0.053621
0.048263
0.042773
0.038020
0.034719
0.032515
0.030652
0.028633
0.026721
0.024800
0.023092
0.021313
0.019291
0.017211
0.014331
0.010502
0.006115
0.001982
-0.003086
-0.007994
-0.012683
-0.017439
-0.021851
-0.026100
-0.030157
-0.033341
-0.037245
-0.041937
-0.045404
-0.048021
-0.050518
-0.052875
-0.055537
-0.058397
-0.061438
-0.063913
-0.066277
-0.068431
-0.070470
-0.072669
-0.074718
-0.076138
-0.077714
-0.079171
-0.080553
-0.081839
-0.082648
-0.083693
-0.084185
-0.084448
-0.085550
-0.083811
-0.081107
-0.078257
-0.074027
-0.069000
-0.063604
-0.058440
-0.054093
-0.049441
-0.045183
-0.041141
-0.037900
-0.035017
-0.038132
-0.033497
-0.030723
-0.022517
-0.021740
-0.020536
-0.017224
-0.016927
-0.015813
-0.014773
-0.014322
-0.012506
-0.010674
-0.007131
-0.002579
0.002134
0.007262
0.013614
0.021024
0.028402
0.036032
0.043556
0.050458
0.056984
0.063184
0.068402
0.071384
0.072279
0.070871
0.067929
0.063950
0.059732
0.054917
0.050663
0.046762
0.042769
0.039691
0.037006
0.033823
0.031217
0.029125
0.027197
0.026198
0.026740
0.028538
0.030623
0.033886
0.038747
0.044447
0.050688
0.057085
0.063118
0.069162
0.074807
0.080169
0.082767
0.083060
0.081663
0.078337
0.089382
0.074961
0.065941
0.056486
0.056336
0.052597
0.045504
0.041261
0.036884
0.032216
0.028840
0.025182
0.021611
0.018573
0.014122
0.010584
0.006437
0.002218
-0.001893
-0.006291
-0.010698
-0.014512
-0.017730
-0.021118
-0.024260
-0.027245
-0.030115
-0.032621
-0.034828
-0.037278
-0.039050
-0.040749
-0.042550
-0.043985
-0.045417
-0.046557
-0.047907
-0.049443
-0.050671
-0.051332
-0.051639
-0.052348
-0.053397
-0.054516
-0.055218
-0.055692
-0.056060
-0.056917
-0.058222
-0.058789
-0.058545
-0.059093
-0.059288
-0.059869
-0.060701
-0.060914
-0.060658
-0.061328
-0.061844
-0.062324
-0.061852
-0.061510
-0.061810
-0.060327
-0.058954
-0.057619
-0.055464
-0.052937
-0.052485
-0.052619
-0.057501
-0.032613
-0.031444
-0.027080
-0.025509
-0.025218
-0.023072
-0.021032
-0.019640
-0.017754
-0.015146
-0.011168
-0.006431
-0.001752
0.004309
0.011287
0.018936
0.026733
0.034353
0.041349
0.048755
0.055728
0.063181
0.071467
0.079786
0.088714
0.097416
0.106382
0.115637
0.123915
0.130954
0.136241
0.137505
0.133363
0.126923
0.163164
0.111427
0.105546
0.091091
0.080227
0.073740
0.063794
0.055612
0.049687
0.043136
0.039077
0.034994
0.032545
0.031278
0.028470
0.026461
0.025106
0.022976
0.021590
0.020763
0.018673
0.017537
0.016098
0.014518
0.011033
0.010453
0.009455
0.008815
0.010239
0.009185
0.008328
0.007632
0.006554
0.006203
0.005759
0.005169
0.004662
0.004077
0.003455
0.002743
0.002340
0.001825
0.001480
0.001570
0.001474
0.001112
0.000242
-0.001194
-0.004094
-0.008604
-0.013776
-0.018764
-0.023872
-0.029852
-0.037300
-0.045237
-0.052283
-0.059072
-0.066681
-0.074020
-0.082399
-0.091970
-0.100614
-0.109818
-0.118910
-0.126728
-0.160758
-0.166208
-0.137605
-0.156208
-0.142890
-0.129154
-0.115180
-0.087449
-0.079675
-0.072642
-0.066462
-0.060380
-0.055199
-0.050459
-0.045974
-0.042026
-0.038748
-0.035270
-0.032386
-0.029811
-0.027187
-0.024813
-0.022515
-0.021122
-0.019373
-0.017635
-0.016291
-0.014695
-0.012897
-0.012447
-0.009529
-0.008625
-0.010150
-0.009440
-0.008082
-0.005823
-0.007287
-0.006873
-0.006245
-0.005977
-0.007140
-0.006002
-0.003363
-0.003619
-0.003111
-0.002812
-0.002383
-0.002046
-0.001679
-0.001443
-0.001456
-0.000611
0.001097
0.004107
0.010147
0.013567
0.019043
0.025755
0.032619
0.039089
0.045673
0.052670
0.059948
0.066597
0.073629
0.081302
0.090004
0.098808
0.107395
0.115878
0.124072
0.131149
0.136229
0.138854
0.136974
0.154103
0.140644
0.131837
0.124240
0.087424
0.075164
0.069219
0.061051
0.055013
0.050370
0.045102
0.041142
0.037779
0.035215
0.032993
0.030677
0.028448
0.026756
0.024425
0.022587
0.020926
0.018858
0.017693
0.016558
0.011776
0.011016
0.010417
0.011701
0.010649
0.008276
0.007634
0.006690
0.007642
0.006744
0.005872
0.005455
0.004887
0.004373
0.004178
0.003811
0.003373
0.003028
0.002804
0.002454
0.001739
0.001478
0.001031
0.000407
-0.001736
-0.004542
-0.008727
-0.014132
-0.019036
-0.024110
-0.030932
-0.038193
-0.044711
-0.051389
-0.058526
-0.065665
-0.073198
-0.080901
-0.089399
-0.098763
-0.108559
-0.117801
-0.125779
-0.159828
-0.138418
-0.165785
-0.158084
-0.146392
-0.132785
-0.118675
-0.088805
-0.096124
-0.072612
-0.066067
-0.060612
-0.055958
-0.050813
-0.046564
-0.042651
-0.038967
-0.035914
-0.032511
-0.029870
-0.027759
-0.025285
-0.023311
-0.021456
-0.019296
-0.017337
-0.016261
-0.014984
-0.013512
-0.012334
-0.011139
-0.009709
-0.007161
-0.007135
-0.006914
-0.006110
-0.005646
-0.006418
-0.005307
-0.004710
-0.005780
-0.005516
-0.002266
-0.002473
-0.002865
-0.001755
-0.001980
-0.002200
-0.001978
-0.001863
-0.001765
-0.000525
0.001193
0.004084
0.007610
0.011305
0.016339
0.027766
0.030823
0.037952
0.044357
0.050603
0.056697
0.063586
0.071050
0.078593
0.086976
0.095559
0.104422
0.113611
0.122175
0.129537
0.135811
0.139365
0.137117
0.131496
0.122781
0.137067
0.133699
0.098165
0.082931
0.074228
0.066242
0.056837
0.050813
0.046087
0.041373
0.037580
0.034267
0.032474
0.030300
0.027700
0.025834
0.023857
0.022298
0.021146
0.019247
0.017746
0.016798
0.015122
0.013699
0.013041
0.009490
0.008316
0.010225
0.009589
0.008750
0.008150
0.007461
0.006548
0.005977
0.005292
0.004898
0.004507
0.004303
0.003771
0.003591
0.003175
0.002916
0.002678
0.002865
0.002329
0.001671
0.000896
-0.001089
-0.004278
-0.008880
-0.014017
-0.019137
-0.024575
-0.031281
-0.038350
-0.045556
-0.053042
-0.060546
-0.067710
-0.075730
-0.085555
-0.115204
-0.128081
-0.116571
-0.150543
-0.160314
-0.166886
-0.165293
-0.156600
-0.142784
-0.129165
-0.097475
-0.088895
-0.081241
-0.074206
-0.067707
-0.061440
-0.056344
-0.051439
-0.046751
-0.043862
-0.040440
-0.036520
-0.033782
-0.030889
-0.028507
-0.026412
-0.023850
-0.022392
-0.020244
-0.018603
-0.017253
-0.015381
-0.013949
-0.013379
-0.012224
-0.010916
-0.010125
-0.009198
-0.007919
-0.006863
-0.006735
-0.006106
-0.005704
-0.005143
-0.005569
-0.004943
-0.002521
-0.002813
-0.002767
-0.002455
-0.002365
-0.001768
-0.001330
-0.001609
-0.001239
-0.000134
0.001620
0.004782
0.008703
0.013252
0.018476
0.025289
0.032277
0.039308
0.046601
0.054230
0.061671
0.068170
0.073626
0.076944
0.077383
0.075726
0.072160
0.067023
0.061392
0.056028
0.050838
0.046736
0.042697
0.039005
0.036271
0.033880
0.030816
0.028105
0.025983
0.023903
0.022004
0.020247
0.019045
0.016846
0.015116
0.014007
0.012806
0.012146
0.011553
0.012556
0.014632
0.017394
0.021552
0.027080
0.033786
0.040865
0.047291
0.054401
0.061229
0.067816
0.074593
0.079457
0.081773
0.081553
0.079045
0.075663
0.077170
0.071141
0.069318
0.055127
0.050838
0.043847
0.039490
0.034898
0.030222
0.027811
0.024791
0.022697
0.021359
0.019547
0.018911
0.017212
0.016135
0.017367
0.017469
0.013093
0.012509
0.011017
0.006707
0.006379
0.006125
0.004752
0.004717
0.004792
0.004534
0.004054
0.003593
0.003524
0.002815
0.003073
0.003151
0.003217
0.002883
0.002616
0.002501
0.001968
0.001985
0.002314
0.002098
0.002055
0.001838
0.001468
0.001228
0.001866
0.001788
0.001111
0.000697
0.000473
0.000238
0.000784
0.000843
0.000804
0.000491
0.000144
0.000152
0.000311
0.000239
0.000138
0.000080
-0.000175
-0.000266
0.000028
0.000355
0.000679
0.000410
0.000206
0.000032
-0.000218
-0.000062
0.000069
0.000135
0.000422
0.000120
-0.000154
-0.000067
-0.000162
-0.000147
0.000002
0.000014
-0.000216
-0.000083
0.000085
0.000175
0.000456
0.001308
0.003099
0.005831
0.009573
0.015281
0.021624
0.029032
0.035941
0.041566
0.045637
0.048505
0.049616
0.049120
0.047950
0.045991
0.043656
0.040915
0.038148
0.035940
0.033368
0.031219
0.029417
0.027800
0.026153
0.025143
0.023808
0.022146
0.021645
0.020527
0.019630
0.019485
0.018101
0.013412
0.012944
0.012171
0.011199
0.010571
0.010142
0.009446
0.008244
0.007929
0.007642
0.006893
0.006196
0.006027
0.005925
0.004984
0.005080
0.004870
0.004496
0.003985
0.003740
0.003562
0.002873
0.003238
0.003131
0.002988
0.002940
0.003146
0.002868
0.002968
0.003068
0.002687
0.002508
0.002779
0.002706
0.003024
0.003686
0.002909
0.003890
0.003053
0.003175
0.003088
0.003262
0.003618
0.003650
0.003610
0.003602
0.003609
0.003621
0.003639
0.004116
0.004208
0.004283
0.004292
0.004416
0.004577
0.004859
0.005111
0.005322
0.005491
0.005665
0.005693
0.005275
0.004715
0.004410
0.003955
0.003471
0.003111
0.002792
0.002358
0.002064
0.002247
0.002305
0.002227
0.002090
0.002069
0.001983
0.002142
0.001682
0.001417
0.001219
0.000999
0.000907
0.000993
0.001066
0.001199
0.001291
0.001744
0.002311
0.002675
0.002888
0.003141
0.003306
0.003657
0.004167
0.004479
0.004659
0.004651
0.004464
0.004548
0.003035
0.004269
0.003824
0.003479
0.003537
0.003745
0.002470
0.002438
0.002491
0.003758
0.004020
0.002920
0.003084
0.003198
0.003303
0.003308
0.004557
0.003079
0.003169
0.003257
0.003341
0.003338
0.004419
0.002681
0.002517
0.002374
0.002281
0.002187
0.002108
0.001807
0.001648
0.001585
0.001470
0.001445
0.001417
0.001505
0.001413
0.001549
0.001716
0.001892
0.002164
0.002355
0.002492
0.002485
0.002637
0.002713
0.002843
0.003003
0.003075
0.002950
0.002867
0.002836
0.002780
0.002672
0.002485
0.002248
0.002123
0.002083
0.002151
0.002242
0.002255
0.002126
0.002010
0.002098
0.002287
0.002463
0.002531
0.002465
0.002289
0.002120
0.002116
0.002201
0.002372
0.002433
0.002374
0.002232
0.003015
0.003072
0.003495
0.003632
0.003393
0.003034
0.003069
0.003480
0.003805
0.003658
0.003207
0.003014
0.003086
0.003058
0.002930
0.002781
0.002974
0.003624
0.004455
0.005141
0.005501
0.005879
0.006794
0.007887
0.008701
0.009173
0.009439
0.010000
0.010807
0.011485
0.011892
0.012203
0.012061
0.012231
0.012679
0.012863
0.012969
0.012948
0.013006
0.013329
0.013575
0.013634
0.013670
0.013661
0.013656
0.013801
0.013992
0.013973
0.013825
0.013607
0.013419
0.013363
0.013416
0.013511
0.013361
0.013329
0.013148
0.012922
0.012968
0.017943
0.013532
0.017797
0.017539
0.017199
0.017194
0.017188
0.016833
0.016649
0.016251
0.016241
0.016616
0.016602
0.016410
0.016171
0.016025
0.016242
0.016247
0.016090
0.015883
0.015528
0.015377
0.015393
0.015262
0.015075
0.015098
0.014969
0.014776
0.014742
0.014592
0.014363
0.014282
0.014368
0.014260
0.014182
0.014159
0.017365
0.016987
0.016784
0.016401
0.016407
0.016386
0.016210
0.016025
0.015706
0.015348
0.015260
0.014783
0.014392
0.016834
0.016484
0.016069
0.013220
0.015670
0.015531
0.015582
0.016025
0.012992
0.015364
0.016229
0.017003
0.017561
0.015451
0.017417
0.019930
0.023113
0.027601
0.033480
0.039972
0.047251
0.054675
0.061755
0.068695
0.074857
0.081294
0.107360
0.117230
0.104589
0.111176
0.143029
0.153792
0.135292
0.140799
0.143705
0.141429
0.136939
0.130132
0.138065
0.114123
0.078332
0.074196
0.052377
0.033118
0.017751
0.005074
-0.005681
-0.012704
-0.019294
-0.025846
-0.033303
-0.040520
-0.048848
-0.057550
-0.065619
-0.075168
-0.086977
-0.098819
-0.132490
-0.120282
-0.127909
-0.134456
-0.138204
-0.135062
-0.148640
-0.131303
-0.108967
-0.088529
-0.060370
-0.057942
-0.037404
-0.027690
-0.018145
-0.009058
0.000660
0.010425
0.019039
0.028050
0.036610
0.044977
0.053405
0.061209
0.069408
0.077275
0.084520
0.092051
0.100179
0.108752
0.117726
0.151716
0.133825
0.139348
0.138259
0.150158
0.111540
0.098662
0.111685
0.073311
0.049205
0.038896
0.034349
0.021739
0.009695
-0.000059
-0.010255
-0.015615
-0.022108
-0.029019
-0.035710
-0.043331
-0.052061
-0.060573
-0.069084
-0.079546
-0.090720
-0.100439
-0.109327
-0.141504
-0.125035
-0.131044
-0.135812
-0.137006
-0.132305
-0.144282
-0.106541
-0.093257
-0.079191
-0.066558
-0.054856
-0.043415
-0.032347
-0.021338
-0.010771
-0.000286
0.009176
0.018719
0.027517
0.035996
0.044511
0.052379
0.060047
0.067771
0.075883
0.084658
0.093887
0.103236
0.112402
0.121131
0.155169
0.135420
0.135786
0.131990
0.142230
0.102914
0.103233
0.082647
0.064892
0.047691
0.029233
0.019117
0.010588
0.002684
-0.006063
-0.014088
-0.022194
-0.030456
-0.038633
-0.046203
-0.051892
-0.055221
-0.056181
-0.055721
-0.053468
-0.050989
-0.047826
-0.044126
-0.041937
-0.040356
-0.039308
-0.039517
-0.040218
-0.041714
-0.043173
-0.043996
-0.042767
-0.040808
-0.037405
-0.032730
-0.026410
-0.020079
-0.013372
-0.006117
0.000998
0.007037
0.013161
0.018600
0.022889
0.025383
0.025200
0.022563
0.019600
0.014264
0.007956
0.001734
-0.002715
-0.007224
-0.011649
-0.015233
-0.018518
-0.021915
-0.023615
-0.023906
-0.023485
-0.021903
-0.018464
-0.015002
-0.011121
-0.006661
-0.001809
0.003133
0.008172
0.013044
0.017553
0.021159
0.023323
0.024277
0.023453
0.021483
0.018850
0.014806
0.009414
0.004027
-0.001327
-0.006903
-0.012190
-0.016547
-0.020735
-0.023871
-0.025108
-0.024544
-0.022807
-0.019714
-0.015818
-0.010781
-0.005243
0.000342
0.005661
0.010869
0.015809
0.020444
0.023632
0.025244
0.024896
0.023189
0.020763
0.017726
0.012901
0.007730
0.002793
-0.002245
-0.007634
-0.012916
-0.017582
-0.021026
-0.024258
-0.025536
-0.024971
-0.023431
-0.020736
-0.016766
-0.012452
-0.007413
-0.001952
0.003785
0.009296
0.014615
0.019131
0.021875
0.023615
0.023671
0.022886
0.021333
0.019671
0.017691
0.014618
0.012173
0.009344
0.006180
0.003561
0.001691
-0.000074
-0.001955
-0.003584
-0.005132
-0.006564
-0.008438
-0.009562
-0.010141
-0.011022
-0.012269
-0.013473
-0.014315
-0.015646
-0.016413
-0.016664
-0.017305
-0.017884
-0.018384
-0.018935
-0.019512
-0.019643
-0.019957
-0.020337
-0.020879
-0.021323
-0.021864
-0.022302
-0.022397
-0.022708
-0.022762
-0.022838
-0.023142
-0.023621
-0.023900
-0.023803
-0.023580
-0.023596
-0.023612
-0.023641
-0.023793
-0.024033
-0.023697
-0.023529
-0.023315
-0.023005
-0.022935
-0.023488
-0.024300
-0.024301
-0.024098
-0.024161
-0.024141
-0.024068
-0.024076
-0.024070
-0.023769
-0.023446
-0.023361
-0.023216
-0.022809
-0.022447
-0.022280
-0.022078
-0.021700
-0.021483
-0.021234
-0.026158
-0.025896
-0.025785
-0.025698
-0.025340
-0.025061
-0.024745
-0.024552
-0.024397
-0.024331
-0.024316
-0.023961
-0.023323
-0.021645
-0.017753
-0.012357
-0.006761
-0.000377
0.007106
0.015023
0.022784
0.030800
0.038495
0.044557
0.051089
0.057422
0.063638
0.069224
0.072593
0.073675
0.072675
0.070083
0.066837
0.062602
0.058054
0.053500
0.049292
0.045331
0.041901
0.038941
0.035771
0.033152
0.039147
0.039216
0.027812
0.019041
0.019634
0.017128
0.017321
0.016252
0.011478
0.011144
0.010746
0.009462
0.009000
0.009451
0.008615
0.008168
0.007783
0.007298
0.006248
0.005805
0.005840
0.005441
0.005001
0.004364
0.003812
0.003422
0.003360
0.003087
0.002724
0.003087
0.002036
0.001597
0.001455
0.001736
0.001421
0.001373
0.001129
0.000889
0.000688
0.000613
0.000319
0.000280
0.000324
0.000244
-0.000008
-0.000127
-0.000113
-0.000264
-0.000363
-0.000502
0.000475
0.002487
0.005560
0.009578
0.014524
0.020834
0.028154
0.035598
0.042604
0.049283
0.055846
0.062327
0.068361
0.071931
0.073584
0.074799
0.074572
0.073261
0.071430
0.069506
0.066654
0.064319
0.060141
0.055271
0.050304
0.044164
0.038971
0.032936
0.027505
0.022339
0.016548
0.011344
0.006902
0.003170
-0.000771
-0.004219
-0.007954
-0.011521
-0.014980
-0.018405
-0.020530
-0.021628
-0.021996
-0.021321
-0.018674
-0.014838
-0.010923
-0.006867
-0.003023
0.000920
0.005017
0.008662
0.012140
0.015035
0.017559
0.020267
0.022902
0.025032
0.027034
0.028808
0.030361
0.032359
0.034027
0.034876
0.036208
0.037483
0.038215
0.039585
0.040721
0.041591
0.042447
0.042921
0.043044
0.042084
0.039336
0.036545
0.032578
0.027910
0.023258
0.018007
0.012158
0.006564
0.003962
0.000295
-0.002938
-0.005489
-0.008508
-0.011492
-0.013891
-0.015779
-0.017590
-0.019231
-0.020990
-0.028721
-0.024649
-0.025721
-0.032492
-0.031735
-0.029584
-0.025520
-0.020976
-0.016401
-0.011814
-0.007624
-0.003233
0.000945
0.005229
0.009746
0.013405
0.016651
0.019505
0.022102
0.024835
0.027420
0.029080
0.030934
0.032323
0.033676
0.035256
0.036476
0.037774
0.038786
0.039489
0.040449
0.041443
0.041199
0.040439
0.038279
0.034841
0.031280
0.026803
0.021550
0.013934
0.011108
0.007684
0.004377
0.001492
-0.001216
-0.004137
-0.007063
-0.009527
-0.011757
-0.014499
-0.016912
-0.018751
-0.020521
-0.022514
-0.024141
-0.025139
-0.031948
-0.031038
-0.028475
-0.024569
-0.020369
-0.016079
-0.011383
-0.006914
-0.002537
0.002156
0.006487
0.010147
0.013757
0.016870
0.019832
0.022707
0.025488
0.027921
0.029953
0.031327
0.032980
0.034482
0.035887
0.036915
0.037919
0.038753
0.039539
0.040410
0.041024
0.040988
0.039542
0.037042
0.033785
0.029484
0.025025
0.020460
0.015295
0.010329
0.005864
0.001038
-0.002173
-0.004620
-0.007015
-0.010101
-0.012709
-0.014580
-0.017019
-0.019671
-0.021986
-0.023914
-0.025307
-0.025371
-0.024399
-0.022214
-0.018396
-0.013502
-0.007824
-0.002460
0.002427
0.009531
0.015839
0.016385
0.023483
0.024887
0.025439
0.025181
0.023685
0.021669
0.019733
0.017761
0.015846
0.014171
0.012811
0.011138
0.010054
0.009222
0.008350
0.007648
0.007272
0.006844
0.005999
0.005658
0.005232
0.005682
0.005086
0.004895
0.004407
0.003445
0.003090
0.002876
0.002706
0.002399
0.002809
0.001635
0.001458
0.001668
0.001399
0.001156
0.001358
0.001213
0.000000
0.000000
0.000000
0.000000
0.000000
0.000000
0.000000
0.000000
0.000000
0.000000
0.000000
0.000000
0.000000
0.000000
0.000000
0.000000
0.000000
0.000000
0.000000
0.000000
0.000000
0.000000
0.000000
0.000000
0.000000
0.000000
0.000000
0.000000
0.000000
0.000000
0.000000
0.000000
0.000000
0.000000
0.000000
0.000000
0.000000
0.000000
0.000000
0.000000
0.000000
0.000000
0.000000
0.000000
0.000000
0.000000
0.000000
0.000000
0.000000
0.000000
0.000000
0.000000
0.000000
0.000000
0.000000
0.000000
0.000000
0.000000
0.000000
0.000000
0.000000
0.000000
0.000000
0.000000
0.000000
0.000000
0.000000
0.000000
0.000000
0.000000
0.000000
0.000000
0.000000
0.000000
0.000000
0.000000
0.000000
0.000000
0.000000
0.000000
0.000000
0.000000
0.000000
0.000000
0.000000
0.000000
0.000000
0.000000
0.000000
0.000000
0.000000
0.000000
0.000000
0.000000
0.000000
0.000000
0.000000
0.000000
0.000000
0.000000
0.000000
0.000000
0.000000
0.000000
0.000000
0.000000
0.000000
0.000000
0.000000
0.000000
0.000000
0.000000
0.000000
0.000000
0.000000
0.000000
0.000000
0.000000
0.000000
0.000000
0.000000
0.000000
0.000000
0.000000
0.000000
0.000000
0.000000
0.000000
0.000000
0.000000
0.000000
0.000000
0.000000
0.000000
0.000000
0.000000
0.000000
0.000000
0.000000
0.000000
0.000000
0.000000
0.000000
0.000000
0.000000
0.000000
0.000000
0.000000
0.000000
0.000000
0.000000
0.000000
0.000000
0.000000
0.000000
0.000000
0.000000
0.000000
0.000000
0.000000
0.000000
0.000000
0.000000
0.000000
0.000000
0.000000
0.000000
0.000000
0.000000
0.000000
0.000000
0.000000
0.000000
0.000000
0.000000
0.000000
0.000000
0.000000
0.000000
0.000000
0.000000
0.000000
0.000000
0.000000
0.000000
0.000000
0.000000
0.000000
0.000000
0.000000
0.000000
0.000000
0.000000
0.000000
0.000000
0.000000
0.000000
0.000000
0.000000
0.000000
0.000000
0.000000
0.000000
0.000000
0.000000
0.000000
0.000000
0.000000
0.000000
0.000000
0.000000
0.000000
0.000000
0.000000
0.000000
0.000000
0.000000
0.000000
0.000000
0.000000
0.000000
0.000000
0.000000
0.000000
0.000000
0.000000
0.000000
0.000000
0.000000
0.000000
0.000000
0.000000
0.000000
0.000000
0.000000
0.000000
0.000000
0.000000
0.000000
0.000000
0.000000
0.000000
0.000000
0.000000
0.000000
0.000000
0.000000
0.000000
0.000000
0.000000
0.000000
0.000000
0.000000
0.000000
0.000000
0.000000
0.000000
0.000000
0.000000
0.000000
0.000000
0.000000
0.000000
0.000000
0.000000
0.000000
0.000000
0.000000
0.000000
0.000000
0.000000
0.000000
0.000000
0.000000
0.000000
0.000000
0.000000
0.000000
0.000000
0.000000
0.000000
0.000000
0.000000
0.000000
0.000000
0.000000
0.000000
0.000000
0.000000
0.000000
0.000000
0.000000
0.000000
0.000000
0.000000
0.000000
0.000000
0.000000
0.000000
0.000000
0.000000
0.000000
0.000000
0.000000
0.000000
0.000000
0.000000
0.000000
0.000000
0.000000
0.000000
0.000000
0.000000
0.000000
0.000000
0.000000
0.000000
0.000000
0.000000
0.000000
0.000000
0.000000
0.000000
0.000000
0.000000
0.000000
0.000000
0.000000
0.000000
0.000000
0.000000
0.000000
0.000000
0.000000
0.000000
0.000000
0.000000
0.000000
0.000000
0.000000
0.000000
0.000000
0.000000
0.000000
0.000000
0.000000
0.000000
0.000000
0.000000
0.000000
0.000000
0.000000
0.000000
0.000000
0.000000
0.000000
0.000000
0.000000
0.000000
0.000000
0.000000
0.000000
0.000000
0.000000
0.000000
0.000000
0.000000
0.000000
0.000000
0.000000
0.000000
0.000000
0.000000
0.000000
0.000000
0.000000
0.000000
0.000000
0.000000
0.000000
0.000000
0.000000
0.000000
0.000000
0.000000
0.000000
0.000000
0.000000
0.000000
0.000000
0.000000
0.000000
0.000000
0.000000
0.000000
0.000000
0.000000
0.000000
0.000000
0.000000
0.000000
0.000000
0.000000
0.000000
0.000000
0.000000
0.000000
0.000000
0.000000
0.000000
0.000000
0.000000
0.000000
0.000000
0.000000
0.000000
0.000000
0.000000
0.000000
0.000000
0.000000
0.000000
0.000000
0.000000
0.000000
0.000000
0.000000
0.000000
0.000000
0.000000
0.000000
0.000000
0.000000
0.000000
0.000000
0.000000
0.000000
0.000000
0.000000
0.000000
0.000000
0.000000
0.000000
0.000000
0.000000
0.000000
0.000000
0.000000
0.000000
0.000000
0.000000
0.000000
0.000000
0.000000
0.000000
0.000000
0.000000
0.000000
0.000000
0.000000
0.000000
0.000000
0.000000
0.000000
0.000000
0.000000
0.000000
0.000000
0.000000
0.000000
0.000000
0.000000
0.000000
0.000000
0.000000
0.000000
0.000000
0.000000
0.000000
0.000000
0.000000
0.000000
0.000000
0.000000
0.000000
0.000000
0.000000
0.000000
0.000000
0.000000
0.000000
0.000000
0.000000
0.000000
0.000000
0.000000
0.000000
0.000000
0.000000
0.000000
0.000000
0.000000
0.000000
0.000000
0.000000
0.000000
0.000000
0.000000
0.000000
0.000000
0.000000
0.000000
0.000000
0.000000
0.000000
0.000000
0.000000
0.000000
0.000000
0.000000
0.000000
0.000000
0.000000
0.000000
0.000000
0.000000
0.000000
0.000000
0.000000
0.000000
0.000000
0.000000
0.000000
0.000000
0.000000
0.000000
0.000000
0.000000
0.000000
0.000000
0.000000
0.000000
0.000000
0.000000
0.000000
0.000000
0.000000
0.000000
0.000000
0.000000
0.000000
0.000000
0.000000
0.000000
0.000000
0.000000
0.000000
0.000000
0.000000
0.000000
0.000000
0.000000
0.000000
0.000000
0.000000
0.000000
0.000000
0.000000
0.000000
0.000000
0.000000
0.000000
0.000000
0.000000
0.000000
0.000000
0.000000
0.000000
0.000000
0.000000
0.000000
0.000000
0.000000
0.000000
0.000000
0.000000
0.000000
0.000000
0.000000
0.000000
0.000000
0.000000
0.000000
0.000000
0.000000
0.000000
0.000000
0.000000
0.000000
0.000000
0.000000
0.000000
0.000000
0.000000
0.000000
0.000000
0.000000
0.000000
0.000000
0.000000
0.000000
0.000000
0.000000
0.000000
0.000000
0.000000
0.000000
0.000000
0.000000
0.000000
0.000000
0.000000
0.000000
0.000000
0.000000
0.000000
0.000000
0.000000
0.000000
0.000000
0.000000
0.000000
0.000000
0.000000
0.000000
0.000000
0.000000
0.000000
0.000000
0.000000
0.000000
0.000000
0.000000
0.000000
0.000000
0.000000
0.000000
0.000000
0.000000
0.000000
0.000000
0.000000
0.000000
0.000000
0.000000
0.000000
0.000000
0.000000
0.000000
0.000000
0.000000
0.000000
0.000000
0.000000
0.000000
0.000000
0.000000
0.000000
0.000000
0.000000
0.000000
0.000000
0.000000
0.000000
0.000000
0.000000
0.000000
0.000000
0.000000
0.000000
0.000000
0.000000
0.000000
0.000000
0.000000
0.000000
0.000000
0.000000
0.000000
0.000000
0.000000
0.000000
0.000000
0.000000
0.000000
0.000000
0.000000
0.000000
0.000000
0.000000
0.000000
0.000000
0.000000
0.000000
0.000000
0.000000
0.000000
0.000000
0.000000
0.000000
0.000000
0.000000
0.000000
0.000000
0.000000
0.000000
0.000000
0.000000
0.000000
0.000000
0.000000
0.000000
0.000000
0.000000
0.000000
0.000000
0.000000
0.000000
0.000000
0.000000
0.000000
0.000000
0.000000
0.000000
0.000000
0.000000
0.000000
0.000000
0.000000
0.000000
0.000000
0.000000
0.000000
0.000000
0.000000
0.000000
0.000000
0.000000
0.000000
0.000000
0.000000
0.000000
0.000000
0.000000
0.000000
0.000000
0.000000
0.000000
0.000000
0.000000
0.000000
0.000000
0.000000
0.000000
0.000000
0.000000
0.000000
0.000000
0.000000
0.000000
0.000000
0.000000
0.000000
0.000000
0.000000
0.000000
0.000000
0.000000
0.000000
0.000000
0.000000
0.000000
0.000000
0.000000
0.000000
0.000000
0.000000
0.000000
0.000000
0.000000
0.000000
0.000000
0.000000
0.000000
0.000000
0.000000
0.000000
0.000000
0.000000
0.000000
0.000000
0.000000
0.000000
0.000000
0.000000
0.000000
0.000000
0.000000
0.000000
0.000000
0.000000
0.000000
0.000000
0.000000
0.000000
0.000000
0.000000
0.000000
0.000000
0.000000
0.000000
0.000000
0.000000
0.000000
0.000000
0.000000
0.000000
0.000000
0.000000
0.000000
0.000000
0.000000
0.000000
0.000000
0.000000
0.000000
0.000000
0.000000
0.000000
0.000000
0.000000
0.000000
0.000000
0.000000
0.000000
0.000000
0.000000
0.000000
0.000000
0.000000
0.000000
0.000000
0.000000
0.000000
0.000000
0.000000
0.000000
0.000000
0.000000
0.000000
0.000000
0.000000
0.000000
0.000000
0.000000
0.000000
0.000000
0.000000
0.000000
0.000000
0.000000
0.000000
0.000000
0.000000
0.000000
0.000000
0.000000
0.000000
0.000000
0.000000
0.000000
0.000000
0.000000
0.000000
0.000000
0.000000
0.000000
0.000000
0.000000
0.000000
0.000000
0.000000
0.000000
0.000000
0.000000
0.000000
0.000000
0.000000
0.000000
0.000000
0.000000
0.000000
0.000000
0.000000
0.000000
0.000000
0.000000
0.000000
0.000000
0.000000
0.000000
0.000000
0.000000
0.000000
0.000000
0.000000
0.000000
0.000000
0.000000
0.000000
0.000000
0.000000
0.000000
0.000000
0.000000
0.000000
0.000000
0.000000
0.000000
0.000000
0.000000
0.000000
0.000000
0.000000
0.000000
0.000000
0.000000
0.000000
0.000000
0.000000
0.000000
0.000000
0.000000
0.000000
0.000000
0.000000
0.000000
0.000000
0.000000
0.000000
0.000000
0.000000
0.000000
0.000000
0.000000
0.000000
0.000000
0.000000
0.000000
0.000000
0.000000
0.000000
0.000000
0.000000
0.000000
0.000000
0.000000
0.000000
0.000000
0.000000
0.000000
0.000000
0.000000
0.000000
0.000000
0.000000
0.000000
0.000000
0.000000
0.000000
0.000000
0.000000
0.000000
0.000000
0.000000
0.000000
0.000000
0.000000
0.000000
0.000000
0.000000
0.000000
0.000000
0.000000
0.000000
0.000000
0.000000
0.000000
0.000000
0.000000
0.000000
0.000000
0.000000
0.000000
0.000000
0.000000
0.000000
0.000000
0.000000
0.000000
0.000000
0.000000
0.000000
0.000000
0.000000
0.000000
0.000000
0.000000
0.000000
0.000000
0.000000
0.000000
0.000000
0.000000
0.000000
0.000000
0.000000
0.000000
0.000000
0.000000
0.000000
0.000000
0.000000
0.000000
0.000000
0.000000
0.000000
0.000000
0.000000
0.000000
0.000000
0.000000
0.000000
0.000000
0.000000
0.000000
0.000000
0.000000
0.000000
0.000000
0.000000
0.000000
0.000000
0.000000
0.000000
0.000000
0.000000
0.000000
0.000000
0.000000
0.000000
0.000000
0.000000
0.000000
0.000000
0.000000
0.000000
0.000000
0.000000
0.000000
0.000000
0.000000
0.000000
0.000000
0.000000
0.000000
0.000000
0.000000
0.000000
0.000000
0.000000
0.000000
0.000000
0.000000
0.000000
0.000000
0.000000
0.000000
0.000000
0.000000
0.000000
0.000000
0.000000
0.000000
0.000000
0.000000
0.000000
0.000000
0.000000
0.000000
0.000000
0.000000
0.000000
0.000000
0.000000
0.000000
0.000000
0.000000
0.000000
0.000000
0.000000
0.000000
0.000000
0.000000
0.000000
0.000000
0.000000
0.000000
0.000000
0.000000
0.000000
0.000000
0.000000
0.000000
0.000000
0.000000
0.000000
0.000000
0.000000
0.000000
0.000000
0.000000
0.000000
0.000000
0.000000
0.000000
0.000000
0.000000
0.000000
0.000000
0.000000
0.000000
0.000000
