2.744550
2.989220
2.941902
2.872844
2.872844
2.872844
2.872844
2.872844
2.872844
2.872844
2.591126
2.591126
2.591126
2.591126
2.591126
2.591126
2.591126
2.690593
2.870394
3.134271
3.327650
3.620447
3.881885
4.304606
4.304606
4.304606
4.483827
4.825355
4.992507
4.734622
4.450697
4.195276
3.924869
3.640835
3.458890
3.189389
2.885895
2.610755
2.548268
2.548268
2.548268
2.548268
2.548268
2.548268
2.548268
2.548268
2.548268
2.548268
2.548268
2.548268
2.548268
2.548268
2.548268
2.646576
2.941500
3.182944
3.182944
3.263518
3.505604
3.804320
4.046502
4.404629
4.667153
5.046106
5.405585
5.847644
6.226814
6.687114
7.016084
7.016084
7.016084
6.811118
6.481567
6.090281
5.759263
5.383543
4.801263
4.801263
4.801263
4.801263
4.801263
4.801263
4.801263
4.801263
4.801263
4.801263
4.801263
4.801263
4.716676
4.446759
4.176207
3.905854
3.649835
3.455641
3.185650
2.976272
2.686956
2.602394
2.548956
2.548956
2.548956
2.548956
2.583532
2.583532
2.583532
2.583532
2.583532
2.764613
2.963524
3.143396
3.385699
3.727193
4.050070
4.347096
4.689205
5.047839
5.407487
5.749064
6.228088
6.608152
7.016084
7.016084
7.016084
7.016084
7.016084
7.016084
7.016084
7.016084
7.016084
7.016084
7.016084
7.016084
7.016084
7.016084
7.016084
7.016084
7.016084
7.016084
7.016084
7.016084
7.016084
7.016084
7.016084
7.016084
7.016084
7.016084
7.016084
7.016084
7.016084
7.016084
7.016084
7.016084
7.016084
7.016084
7.016084
6.502618
6.112763
5.722565
5.406441
5.076637
4.732481
4.402840
4.191867
3.923453
3.681513
3.398277
3.216513
2.783431
2.621316
2.513930
2.483488
2.482468
2.470312
2.470312
2.470312
2.470312
2.470312
2.470312
2.474333
2.474333
2.474333
2.474333
2.474333
2.474333
2.474333
2.474333
2.474333
2.474333
2.474333
2.675082
2.675082
2.675082
2.675082
2.675082
2.675082
2.675082
2.675082
2.872279
2.872279
2.872279
2.872279
2.872279
2.872279
2.872279
2.872279
2.953361
3.194600
3.472394
3.735547
4.005706
4.185289
4.525465
4.787627
5.168682
5.573293
5.931153
6.371618
6.694760
7.000000
7.000000
7.000000
7.000000
7.000000
7.000000
7.000000
7.000000
7.000000
7.000000
7.000000
7.000000
7.000000
7.000000
7.000000
7.000000
7.000000
7.000000
7.000000
7.000000
7.000000
7.000000
7.000000
7.000000
7.000000
7.000000
7.000000
7.000000
7.000000
6.672670
6.267577
5.876073
5.470309
5.139381
4.796005
4.466037
4.210544
3.926692
3.550009
3.292667
2.934266
2.596155
2.516870
2.477814
2.469587
2.466536
2.466536
2.466536
2.466536
2.466536
2.466536
2.466852
2.466852
2.466852
2.466852
2.466852
2.466852
2.638752
3.017925
3.017925
3.017925
3.017925
2.785446
2.651647
2.651647
2.587520
2.496016
2.482991
2.478871
2.478871
2.478871
2.478871
2.478871
2.478871
2.478871
2.478871
2.478871
2.865785
2.865785
2.865785
2.865785
2.865785
2.865785
2.865785
2.865785
2.865785
2.708304
2.633049
2.588270
2.568897
2.543236
2.532693
2.528635
2.524603
2.523822
2.523822
2.523822
2.523822
2.523822
2.523822
2.523822
2.523822
2.523822
2.523822
2.523822
2.604541
2.784776
3.092604
2.686783
2.596590
2.571579
2.571579
2.571579
2.571579
2.571579
2.571579
2.571579
2.571579
2.571579
2.571579
2.571579
2.556093
2.556093
2.556093
2.556093
2.556093
2.556093
2.556093
2.556093
2.556093
2.556093
2.943882
2.943882
2.943882
2.943882
2.943882
2.943882
2.943882
2.944398
2.834670
2.784711
2.736598
2.706384
2.675439
2.660270
2.649838
2.639059
2.627239
2.627239
2.627239
2.627239
2.627239
2.627021
2.627021
2.627021
2.627021
2.627021
2.627021
2.707208
3.106484
2.911040
2.762219
2.633529
2.504641
2.500408
2.476071
2.476071
2.476071
2.476071
2.476071
2.476071
2.476071
2.476071
2.476071
2.476071
2.558095
2.790086
2.790086
2.790086
2.790086
2.790086
2.790086
2.790086
2.790086
2.790086
3.045073
3.302306
3.555674
3.668685
3.419642
3.231301
3.047889
2.669372
2.527288
2.484510
2.475216
2.471545
2.471545
2.471545
2.471545
2.471545
2.477818
2.477818
2.477818
2.477818
2.477818
2.477818
2.477818
2.477818
2.477818
2.477818
2.577044
2.950324
2.950324
2.950324
3.032516
3.276800
3.663203
3.466038
3.270086
2.833255
2.579788
2.501717
2.488070
2.478656
2.478656
2.478656
2.478656
2.478656
2.478656
2.478656
2.478656
2.478656
2.478656
2.743651
2.743651
2.743651
2.743651
2.743651
2.743651
2.743651
2.743651
2.743651
2.743651
2.827366
3.083005
3.333160
3.586528
3.643570
3.393457
3.209411
2.819339
2.547389
2.501188
2.482210
2.469437
2.469437
2.469437
2.469437
2.469437
2.478876
2.478876
2.478876
2.478876
2.478876
2.478876
2.478876
2.478876
2.478876
2.478876
2.569863
2.936871
2.936871
2.936871
2.936871
3.183619
3.427081
3.726894
3.469533
3.286121
2.934707
2.606376
2.488599
2.479904
2.471111
2.471111
2.471111
2.471111
2.471111
2.471111
2.471111
2.471111
2.471111
2.471111
2.683219
2.683219
2.683219
2.683219
2.683219
2.683219
2.683219
2.683219
2.683219
2.683219
2.929291
3.181620
3.433973
3.711741
3.523001
3.274827
3.088335
2.740753
2.552374
2.490485
2.475332
2.472342
2.469357
2.469357
2.469357
2.469357
2.469357
2.469357
2.469357
2.469357
2.469357
2.469357
2.469357
2.469357
2.469357
2.469357
2.771972
2.771972
2.771972
2.771972
2.933338
3.177042
3.422413
3.486373
3.303541
3.108368
2.709830
2.567796
2.542907
2.542907
2.542907
2.542907
2.542907
2.542907
2.542907
2.542907
2.542907
2.542907
2.542907
2.542907
2.542907
2.542907
2.613228
2.613228
2.613228
2.613228
2.613228
2.613228
2.613228
2.613228
2.613228
2.613228
2.836981
2.836981
2.836981
2.836981
2.836981
2.836981
2.836981
2.836981
2.836981
3.081458
3.327119
3.592422
3.772295
4.016699
4.423002
4.665449
5.107363
5.507144
5.250889
4.965606
4.662656
4.392793
4.062082
3.820196
3.550460
3.368606
2.849663
2.804885
2.804885
2.804885
2.804885
2.804885
2.804885
2.804885
2.804885
2.804885
2.804885
2.804885
2.804885
2.984492
3.182291
3.424497
3.811206
3.972886
4.331012
4.573846
5.012837
5.353375
5.713168
6.072358
6.533938
7.016084
7.016084
7.016084
7.016084
7.016084
7.016084
7.016084
7.016084
7.016084
7.016084
7.016084
7.016084
7.016084
7.016084
7.016084
7.016084
7.016084
7.016084
7.016084
7.016084
7.016084
7.016084
7.016084
7.016084
7.016084
7.016084
7.016084
6.932943
6.023154
6.023154
5.585028
5.585028
5.585028
5.443839
5.368402
5.368402
5.368402
5.452557
5.452557
5.375526
5.172389
4.902435
4.586040
4.316466
4.047491
3.790276
3.567887
3.310889
2.875817
2.625783
2.516204
2.499736
2.480307
2.475711
2.470315
2.470315
2.470315
2.470315
2.470315
2.470315
2.470315
2.555800
2.555800
2.555800
2.555800
2.555800
2.504842
2.480423
2.480423
2.470894
2.470894
2.470894
2.470894
2.470894
2.470894
2.478559
2.478559
2.478559
2.478559
2.478559
2.478559
2.489380
2.473087
2.473087
2.473087
2.473087
2.473087
2.473087
2.473087
2.467165
2.467165
2.467165
2.467165
2.467165
2.467165
2.498074
2.480842
2.473260
2.473260
2.466450
2.466450
2.466450
2.466450
2.466450
2.635475
2.814430
2.621542
2.542686
2.492469
2.484327
2.471331
2.471331
2.471331
2.471331
2.471331
2.471331
2.475243
2.475243
2.475243
2.475243
2.475243
2.475243
2.698234
2.698234
2.698234
2.698234
2.698234
2.698234
2.698234
2.889757
2.889757
2.889757
2.889757
2.889757
2.889757
3.053225
3.299176
3.544813
3.809960
3.524828
3.524828
3.524828
3.524828
3.711566
3.711566
3.711566
3.711566
3.703422
3.703422
3.703422
0.000000
0.000000
0.000000
0.000000
0.000000
0.000000
0.000000
0.000000
0.000000
0.000000
0.000000
0.000000
0.000000
0.000000
0.000000
0.000000
0.000000
0.000000
0.000000
0.000000
0.000000
0.000000
0.000000
0.000000
0.000000
0.000000
0.000000
0.000000
0.000000
0.000000
0.000000
0.000000
0.000000
0.000000
0.000000
0.000000
0.000000
0.000000
0.000000
0.000000
0.000000
0.000000
0.000000
0.000000
0.000000
0.000000
0.000000
0.000000
0.000000
0.000000
0.000000
0.000000
0.000000
0.000000
0.000000
0.000000
0.000000
0.000000
0.000000
0.000000
0.000000
0.000000
0.000000
0.000000
0.000000
0.000000
0.000000
0.000000
0.000000
0.000000
0.000000
0.000000
0.000000
0.000000
0.000000
0.000000
0.000000
0.000000
0.000000
0.000000
0.000000
0.000000
0.000000
0.000000
0.000000
0.000000
0.000000
0.000000
0.000000
0.000000
0.000000
0.000000
0.000000
0.000000
0.000000
0.000000
0.000000
0.000000
0.000000
0.000000
0.000000
0.000000
0.000000
0.000000
0.000000
0.000000
0.000000
0.000000
0.000000
0.000000
0.000000
0.000000
0.000000
0.000000
0.000000
0.000000
0.000000
0.000000
0.000000
0.000000
0.000000
0.000000
0.000000
0.000000
0.000000
0.000000
0.000000
0.000000
0.000000
0.000000
0.000000
0.000000
0.000000
0.000000
0.000000
0.000000
0.000000
0.000000
0.000000
0.000000
0.000000
0.000000
0.000000
0.000000
0.000000
0.000000
0.000000
0.000000
0.000000
0.000000
0.000000
0.000000
0.000000
0.000000
0.000000
0.000000
0.000000
0.000000
0.000000
0.000000
0.000000
0.000000
0.000000
0.000000
0.000000
0.000000
0.000000
0.000000
0.000000
0.000000
0.000000
0.000000
0.000000
0.000000
0.000000
0.000000
0.000000
0.000000
0.000000
0.000000
0.000000
0.000000
0.000000
0.000000
0.000000
0.000000
0.000000
0.000000
0.000000
0.000000
0.000000
0.000000
0.000000
0.000000
0.000000
0.000000
0.000000
0.000000
0.000000
0.000000
0.000000
0.000000
0.000000
0.000000
0.000000
0.000000
0.000000
0.000000
0.000000
0.000000
0.000000
0.000000
0.000000
0.000000
0.000000
0.000000
0.000000
0.000000
0.000000
0.000000
0.000000
0.000000
0.000000
0.000000
0.000000
0.000000
0.000000
0.000000
0.000000
0.000000
0.000000
0.000000
0.000000
0.000000
0.000000
0.000000
0.000000
0.000000
0.000000
0.000000
0.000000
0.000000
0.000000
0.000000
0.000000
0.000000
0.000000
0.000000
0.000000
0.000000
0.000000
0.000000
0.000000
0.000000
0.000000
0.000000
0.000000
0.000000
0.000000
0.000000
0.000000
0.000000
0.000000
0.000000
0.000000
0.000000
0.000000
0.000000
0.000000
0.000000
0.000000
0.000000
0.000000
0.000000
0.000000
0.000000
0.000000
0.000000
0.000000
0.000000
0.000000
0.000000
0.000000
0.000000
0.000000
0.000000
0.000000
0.000000
0.000000
0.000000
0.000000
0.000000
0.000000
0.000000
0.000000
0.000000
0.000000
0.000000
0.000000
0.000000
0.000000
0.000000
0.000000
0.000000
0.000000
0.000000
0.000000
0.000000
0.000000
0.000000
0.000000
0.000000
0.000000
0.000000
0.000000
0.000000
0.000000
0.000000
0.000000
0.000000
0.000000
0.000000
0.000000
0.000000
0.000000
0.000000
0.000000
0.000000
0.000000
0.000000
0.000000
0.000000
0.000000
0.000000
0.000000
0.000000
0.000000
0.000000
0.000000
0.000000
0.000000
0.000000
0.000000
0.000000
0.000000
0.000000
0.000000
0.000000
0.000000
0.000000
0.000000
0.000000
0.000000
0.000000
0.000000
0.000000
0.000000
0.000000
0.000000
0.000000
0.000000
0.000000
0.000000
0.000000
0.000000
0.000000
0.000000
0.000000
0.000000
0.000000
0.000000
0.000000
0.000000
0.000000
0.000000
0.000000
0.000000
0.000000
0.000000
0.000000
0.000000
0.000000
0.000000
0.000000
0.000000
0.000000
0.000000
0.000000
0.000000
0.000000
0.000000
0.000000
0.000000
0.000000
0.000000
0.000000
0.000000
0.000000
0.000000
0.000000
0.000000
0.000000
0.000000
0.000000
0.000000
0.000000
0.000000
0.000000
0.000000
0.000000
0.000000
0.000000
0.000000
0.000000
0.000000
0.000000
0.000000
0.000000
0.000000
0.000000
0.000000
0.000000
0.000000
0.000000
0.000000
0.000000
0.000000
0.000000
0.000000
0.000000
0.000000
0.000000
0.000000
0.000000
0.000000
0.000000
0.000000
0.000000
0.000000
0.000000
0.000000
0.000000
0.000000
0.000000
0.000000
0.000000
0.000000
0.000000
0.000000
0.000000
0.000000
0.000000
0.000000
0.000000
0.000000
0.000000
0.000000
0.000000
0.000000
0.000000
0.000000
0.000000
0.000000
0.000000
0.000000
0.000000
0.000000
0.000000
0.000000
0.000000
0.000000
0.000000
0.000000
0.000000
0.000000
0.000000
0.000000
0.000000
0.000000
0.000000
0.000000
0.000000
0.000000
0.000000
0.000000
0.000000
0.000000
0.000000
0.000000
0.000000
0.000000
0.000000
0.000000
0.000000
0.000000
0.000000
0.000000
0.000000
0.000000
0.000000
0.000000
0.000000
0.000000
0.000000
0.000000
0.000000
0.000000
0.000000
0.000000
0.000000
0.000000
0.000000
0.000000
0.000000
0.000000
0.000000
0.000000
0.000000
0.000000
0.000000
0.000000
0.000000
0.000000
0.000000
0.000000
0.000000
0.000000
0.000000
0.000000
0.000000
0.000000
0.000000
0.000000
0.000000
0.000000
0.000000
0.000000
0.000000
0.000000
0.000000
0.000000
0.000000
0.000000
0.000000
0.000000
0.000000
0.000000
0.000000
0.000000
0.000000
0.000000
0.000000
0.000000
0.000000
0.000000
0.000000
0.000000
0.000000
0.000000
0.000000
0.000000
0.000000
0.000000
0.000000
0.000000
0.000000
0.000000
0.000000
0.000000
0.000000
0.000000
0.000000
0.000000
0.000000
0.000000
0.000000
0.000000
0.000000
0.000000
0.000000
0.000000
0.000000
0.000000
0.000000
0.000000
0.000000
0.000000
0.000000
0.000000
0.000000
0.000000
0.000000
0.000000
0.000000
0.000000
0.000000
0.000000
0.000000
0.000000
0.000000
0.000000
0.000000
0.000000
0.000000
0.000000
0.000000
0.000000
0.000000
0.000000
0.000000
0.000000
0.000000
0.000000
0.000000
0.000000
0.000000
0.000000
0.000000
0.000000
0.000000
0.000000
0.000000
0.000000
0.000000
0.000000
0.000000
0.000000
0.000000
0.000000
0.000000
0.000000
0.000000
0.000000
0.000000
0.000000
0.000000
0.000000
0.000000
0.000000
0.000000
0.000000
0.000000
0.000000
0.000000
0.000000
0.000000
0.000000
0.000000
0.000000
0.000000
0.000000
0.000000
0.000000
0.000000
0.000000
0.000000
0.000000
0.000000
0.000000
0.000000
0.000000
0.000000
0.000000
0.000000
0.000000
0.000000
0.000000
0.000000
0.000000
0.000000
0.000000
0.000000
0.000000
0.000000
0.000000
0.000000
0.000000
0.000000
0.000000
0.000000
0.000000
0.000000
0.000000
0.000000
0.000000
0.000000
0.000000
0.000000
0.000000
0.000000
0.000000
0.000000
0.000000
0.000000
0.000000
0.000000
0.000000
0.000000
0.000000
0.000000
0.000000
0.000000
0.000000
0.000000
0.000000
0.000000
0.000000
0.000000
0.000000
0.000000
0.000000
0.000000
0.000000
0.000000
0.000000
