10.038562
10.355665
10.709007
10.585187
11.020071
11.213351
11.711656
11.454954
11.506294
11.732796
11.808296
11.723736
11.678435
11.596895
11.545555
11.654275
11.741856
11.672396
11.624075
11.509315
11.467034
11.518373
11.726755
11.756955
11.630116
11.228452
10.887189
10.881149
10.914370
10.769408
10.745248
10.449286
10.554986
10.754307
10.476465
10.304324
10.304324
10.289225
10.298285
10.268084
10.358685
10.464386
10.361705
10.455325
10.419086
10.494586
10.875109
10.902289
11.433814
11.319052
11.364352
12.442501
13.393809
12.931746
11.968357
12.306601
13.414950
11.829437
11.026110
10.283184
10.485525
10.814709
13.442130
12.792826
13.886074
11.439854
10.748268
12.237141
13.321328
14.058215
13.729032
10.911348
11.068390
11.681456
13.559912
14.973282
10.098963
12.107279
12.246201
12.276400
12.977046
14.828321
14.952143
13.288109
13.019326
13.263949
13.614271
13.532730
13.052547
12.892485
12.741485
12.898525
12.508942
12.397202
12.442501
12.252239
11.935137
11.113691
10.757328
11.306973
11.506294
11.273752
10.938529
10.249964
12.943826
12.545182
12.816984
12.376060
11.781116
11.418714
11.134830
11.104631
11.029130
10.998930
10.669747
10.521766
10.334524
10.246944
10.307344
10.385864
10.358685
10.301304
10.168423
10.074802
10.053662
10.237884
10.316404
10.262044
10.346604
10.277143
10.038562
10.364724
10.252984
10.259024
10.183523
10.062722
10.268084
10.089902
10.141243
12.237140
10.089903
10.195603
10.887189
10.092922
12.058959
12.530082
10.222784
10.304324
10.660687
11.059330
11.648235
11.699575
12.040838
12.013659
12.493842
12.626722
12.693163
13.013286
13.010266
10.213723
10.539886
10.416065
10.712028
10.844909
10.998930
11.409653
12.318681
12.774704
12.125399
11.811316
12.152579
12.324720
14.333036
14.937042
14.339078
12.672024
12.955906
13.641451
14.641080
11.101610
10.675787
13.729032
13.940434
14.481018
10.458345
11.575754
11.062350
14.308877
14.792080
10.114063
10.455326
11.599915
11.672396
10.207684
10.280165
10.476465
10.488546
11.651255
12.197880
12.279421
10.461366
10.829808
10.875109
11.457973
11.726756
12.333780
11.605955
10.899269
11.113691
11.702596
12.001577
12.844166
12.681084
11.168051
11.645215
11.865677
12.309621
12.653904
12.977046
11.841516
11.741856
12.191839
12.590483
12.388142
12.514982
12.055939
11.793197
12.170699
11.844537
12.176740
11.762997
11.968358
11.430794
11.349253
10.986850
10.866049
10.600286
10.246944
10.014402
10.373785
11.068390
10.271104
10.322445
10.847929
10.881149
10.567066
10.482506
10.358685
10.123123
10.105003
11.017050
10.681828
10.334524
14.873621
10.159363
15.042742
10.008362
10.573107
10.171443
14.487059
14.471958
14.668260
14.946102
14.870602
14.595779
14.290756
13.611252
14.598800
10.065742
14.773960
14.263577
14.018955
14.251497
14.610880
14.420618
13.822653
14.061235
14.927982
14.804161
15.103144
14.290756
14.218276
14.550479
14.837381
10.446265
10.210703
13.623331
13.587091
13.605211
13.505550
13.650512
13.070667
12.868325
12.469682
12.421362
12.083118
11.850577
12.158619
11.856617
11.545554
11.065371
10.917389
10.712028
10.977790
10.705988
10.379825
13.137108
12.614643
12.620683
12.354921
11.980438
11.267712
10.702968
10.476465
10.434186
10.666727
10.467405
10.114063
10.228824
10.068762
10.153322
12.315661
10.020441
10.455326
10.458345
12.143519
10.065742
10.509686
10.008362
12.388142
12.499882
12.315660
10.150303
10.074802
10.301304
10.591227
10.730147
10.896249
11.195232
11.470054
11.868697
12.937785
12.493841
12.859264
13.203548
13.448170
11.433813
11.832457
12.152578
11.243552
10.935510
11.056311
11.213352
13.363609
13.831713
13.979693
13.424009
11.684475
11.874737
13.393809
10.355665
10.835848
11.276772
10.893229
13.807552
12.813965
14.565578
10.265064
10.875109
10.983829
14.366257
13.732052
14.541418
10.554987
12.016678
11.714676
14.613899
14.894762
15.085023
10.757328
11.717695
10.696928
10.298285
10.213724
10.576126
10.947590
11.850576
12.357941
11.007990
10.594247
10.856989
11.098591
11.418714
12.255260
11.871717
10.905310
11.231472
11.328113
11.687495
12.379082
12.820004
11.829437
11.306973
11.675415
11.859637
12.584443
12.638803
12.228080
11.651255
11.865677
12.273380
13.067647
13.520651
13.798492
12.182779
11.862658
12.451561
13.360589
13.719972
12.723364
12.185800
12.623703
12.856245
13.590111
14.031034
12.995166
12.578403
12.771685
13.134088
13.514610
13.904194
12.605583
12.856245
13.321329
13.626351
14.118615
14.320957
13.152207
12.989126
13.680712
14.296797
14.151835
13.369649
13.206568
13.581051
13.919294
14.308877
13.931374
13.390789
13.520651
14.130695
14.308877
14.453838
14.112576
13.538771
14.015934
14.477999
14.659200
14.097475
13.744133
14.043115
14.209216
14.493099
14.320957
14.012915
14.112576
14.420618
14.559540
14.323977
14.233377
14.212236
14.529339
14.677320
14.441758
14.408538
14.136736
14.559539
14.571619
14.465918
14.390417
14.263577
14.541419
14.538399
14.423637
14.487059
14.308877
14.577660
14.444778
14.547459
14.242436
14.526319
14.236397
14.511219
14.496119
14.308877
14.390417
14.212236
14.465918
14.474978
14.366257
14.402498
13.943455
14.399478
14.417598
14.320957
14.468938
13.931374
14.547459
14.179016
14.375317
14.366258
14.154856
14.251496
14.399477
14.429678
14.278677
14.085395
14.188076
14.420618
14.354177
14.182035
14.172976
14.006874
14.402498
14.209216
14.239416
14.191095
14.082375
14.290757
14.414577
14.269617
14.206196
14.200156
14.121635
14.336058
14.200155
14.248476
13.976674
14.206196
14.064255
14.269617
14.085395
14.148815
13.988754
14.227337
14.049154
14.284717
13.946474
14.230356
13.994795
14.100494
13.738092
13.424009
13.726012
13.466290
13.360589
13.448170
13.164288
12.971006
12.952887
12.795845
12.451562
12.406261
12.357941
12.125399
12.052918
11.901917
11.439854
11.584814
11.379454
11.077451
11.192211
11.158991
10.727127
10.585186
10.573107
10.361705
10.213723
10.153323
10.201643
14.484037
13.913253
14.360218
13.674671
14.109555
13.091806
13.091807
13.061605
12.237140
12.844165
12.451561
11.593874
11.835477
11.213352
11.050270
11.388514
11.192211
10.853969
10.509686
10.222784
10.044602
12.768663
12.182779
11.775076
11.334152
10.847929
10.603307
10.648607
10.231844
12.351901
12.209960
12.034798
11.971377
11.983459
11.968357
11.681456
11.651255
11.618034
11.699575
12.028758
11.947218
11.947218
11.883797
12.110299
12.146540
12.264319
12.086140
11.901917
12.167679
12.231100
12.074059
11.913996
12.209960
12.031779
11.741856
11.814337
12.043859
11.654275
11.328114
12.261300
11.168052
10.950609
11.276772
12.357941
11.071411
12.061978
11.717695
11.675416
12.297541
10.195603
10.518745
10.431166
10.488545
10.790548
10.606327
10.624447
10.724108
11.116711
10.968729
11.059331
10.974770
11.119731
10.748268
10.863029
11.071410
11.222412
11.231472
11.297913
11.210332
11.696556
12.581424
11.192211
10.826789
11.011009
11.847557
11.572735
11.195232
11.007990
11.282812
11.464014
11.382473
11.663335
11.421734
11.237512
11.624075
12.116339
11.642195
11.494213
11.802257
12.448542
12.418342
12.527063
12.587462
13.134087
10.180504
11.023090
11.285832
11.548574
10.748268
10.210703
13.611252
11.690516
13.466290
12.333781
11.201271
11.195231
11.500254
11.910977
13.813593
10.718067
14.647120
12.542162
12.551223
12.164660
14.780001
11.131811
10.950609
11.020070
13.478371
13.801512
13.991775
14.870602
14.314917
14.354177
14.689400
11.077450
11.575754
12.418342
11.572735
14.574639
10.271104
10.440226
11.246572
11.581795
11.252611
10.286203
10.576126
10.666727
11.485153
12.095199
12.850204
12.031778
14.879663
11.023090
10.929469
11.889837
12.656923
11.717695
10.853969
11.186171
11.116711
11.756956
12.454582
13.626351
12.850204
11.334152
11.379454
11.618034
11.273752
12.122379
11.590855
11.554615
11.681456
11.923058
12.705244
13.324348
13.209588
11.596895
11.886817
12.487803
12.539143
13.420990
13.118988
12.028759
12.231100
12.055939
12.291500
12.955906
12.735444
12.252240
12.527062
12.675043
13.203548
13.182407
13.088787
12.505922
12.696184
13.109927
13.523670
13.707891
13.381729
12.403242
13.194488
13.285089
13.735073
13.780373
13.182407
13.067646
13.336430
13.925333
14.511219
13.907213
13.257908
13.242807
13.336429
13.230728
13.188448
13.629372
13.224688
13.568971
14.003855
14.526319
14.221296
13.514610
13.620312
13.994795
14.713560
14.511219
13.282068
13.837753
13.677691
14.456858
14.037075
14.245457
13.753193
13.952515
14.432697
14.209216
14.677320
13.680712
13.825673
14.317937
14.305857
13.417970
13.266968
13.910233
14.043116
14.502158
14.622959
14.278677
13.961575
14.251497
14.764900
14.810202
14.076335
14.154856
14.003855
13.913254
13.529711
14.275657
14.121635
13.880033
14.073315
13.934393
14.018955
14.471958
14.103516
14.462898
14.423637
14.698460
13.973654
13.469311
14.317937
13.970634
14.562559
13.880033
14.532358
14.179016
14.414577
14.459879
14.604839
14.592759
14.103516
14.423637
13.979694
13.925334
13.877013
13.674671
13.750173
13.420990
13.369650
13.010266
13.387770
12.765644
12.931746
12.557262
12.798864
12.055939
12.856245
11.856617
12.083118
11.300932
11.766016
11.364353
11.104630
11.602935
11.177112
11.065371
10.153323
10.808668
10.071782
10.280165
10.548946
14.776981
14.780000
14.502158
14.197136
14.169955
13.158247
12.886445
12.804905
11.678436
12.554243
12.493843
12.089159
11.841516
10.890209
10.814709
10.814708
10.687867
10.162383
12.699203
12.493842
12.188819
11.753937
11.143891
10.748268
10.361705
10.455325
10.222784
10.080842
12.197880
11.983459
11.892859
11.808296
12.040838
11.959297
12.025738
11.759976
12.025738
11.962318
12.185799
12.074059
12.264320
12.122379
12.064999
12.064999
11.983458
11.826417
12.043859
11.971378
11.762997
11.509315
12.058958
11.379454
11.264692
10.246943
11.844537
12.101239
11.104630
12.101238
11.352272
12.569344
11.853597
11.270733
12.149559
11.436833
10.177483
10.376804
11.741856
10.687867
11.660315
10.056683
10.201643
10.074802
10.286203
12.043859
11.041211
11.367373
11.352273
11.551594
11.998558
12.270360
11.611995
11.790176
11.593874
11.500254
11.605954
11.654275
11.412674
11.415693
11.155971
11.445893
10.802629
10.820748
10.702968
11.361333
12.644843
10.506665
10.666727
12.385120
10.434185
10.138223
11.917018
11.904938
10.002321
10.295264
12.125400
11.497234
12.768663
11.645215
11.237512
10.911349
11.844537
11.826417
12.496862
12.179760
10.615387
12.333780
12.367002
11.923058
11.750916
11.805277
12.058958
11.956278
12.161640
12.176739
12.107279
11.823397
11.735816
11.759976
11.636155
11.820376
11.772057
11.560655
11.476094
11.116711
11.270733
11.146912
11.225431
11.180132
11.155971
10.914370
10.817729
10.718067
10.663708
10.542906
10.624447
10.518746
10.561027
10.585187
10.488545
10.576126
10.521766
10.334524
10.467405
10.289224
10.195602
10.177483
10.129163
10.249964
10.313385
10.225803
10.222783
10.192583
10.301304
10.397944
10.355664
10.280165
10.246944
10.385865
10.790548
11.276772
11.192211
11.482134
11.213352
11.014030
11.131811
10.953629
10.968730
11.104630
10.781487
10.397945
10.527806
10.089903
10.533846
10.509686
10.533846
10.376804
10.464386
10.627466
10.437205
10.376804
10.539886
10.672768
10.476465
10.603306
10.548946
10.428144
10.295264
10.627466
10.509686
10.316404
10.407005
10.159364
10.328485
10.367744
10.268084
12.514982
10.325464
10.337544
10.835848
10.032522
12.463642
10.083862
12.345860
10.011382
10.243924
10.129163
10.352644
10.319424
10.234863
10.159363
10.316404
10.416065
10.494586
10.379825
10.364724
10.328484
10.385865
10.358685
10.615387
10.666727
10.869069
11.518374
11.539515
11.530454
11.017051
10.896250
12.708263
10.379825
11.512334
11.198252
11.152951
10.576126
11.204292
11.418713
10.086882
10.515726
10.509686
11.309992
11.394553
11.177112
11.113690
11.457973
11.430794
11.539515
11.660316
11.708635
11.651255
11.714676
11.578773
11.548574
11.512335
11.309992
11.195231
11.497234
11.219392
11.355293
11.083490
10.956650
10.896249
10.793568
10.597267
10.841888
10.769408
10.802629
10.853969
10.751287
10.660687
10.663708
10.536866
10.512706
10.561027
10.606327
10.687868
10.570086
10.642567
10.627467
10.630487
10.564046
10.476465
10.455325
10.464386
10.551967
10.621427
10.588206
10.515726
10.648607
10.539886
10.570086
10.835849
10.992890
11.476093
11.859636
11.766016
11.436833
11.467033
11.201271
11.029130
10.974770
10.165403
12.629743
10.941549
11.796216
10.407005
10.249964
12.282440
12.496862
10.174463
10.129163
10.165403
10.189564
10.135203
10.023462
12.524042
10.165403
10.111042
10.180503
10.132183
12.418342
12.521023
12.599543
12.542162
12.179760
10.026482
12.270361
11.998558
11.877757
10.259024
10.702968
10.379825
12.306601
10.742228
12.043859
11.590855
12.116339
10.751288
11.826417
10.419085
10.147283
12.031778
11.113691
10.165403
12.394181
10.340565
10.766388
10.974770
11.074431
11.023090
11.198252
11.826417
12.548203
12.665983
12.469683
12.590483
13.034426
10.817728
11.602935
11.633135
10.579146
10.403985
10.373785
10.413045
10.817728
11.098591
10.805649
10.642567
10.512706
10.518745
10.101982
13.097847
12.832085
12.243179
12.351901
11.986479
11.578773
10.971750
10.956650
11.056311
11.032150
10.884170
10.428145
10.159363
10.071782
10.207684
10.304324
10.271104
10.210703
10.114062
12.385121
12.445521
10.135202
10.086883
10.123122
10.132182
10.035542
10.083862
12.303580
12.436461
12.203920
10.044601
12.055939
11.995538
12.031778
12.125399
10.207684
11.521394
12.273380
10.962689
10.992889
10.422105
10.980808
11.270731
10.953629
11.618035
12.436461
10.126143
10.162383
10.790548
11.143891
11.352272
11.602934
11.759975
11.663335
11.744876
12.028758
12.170700
12.333781
12.653903
10.035542
13.342468
10.216743
10.213724
10.280164
10.343584
10.313384
10.159363
10.334524
10.331504
10.249964
13.082747
12.693163
12.113319
11.723736
11.648235
11.497233
11.189191
10.633507
10.422105
10.283184
10.213724
10.201643
10.171443
10.189564
10.041582
12.475721
12.240160
12.309621
12.478742
10.020442
12.463642
12.351901
12.348881
10.017422
10.041582
10.014401
12.327740
12.430422
12.216000
12.143519
12.071039
12.306601
12.379081
12.318681
12.590483
10.754308
12.046879
10.111042
12.527062
11.835476
11.152950
10.458345
12.267340
10.286204
12.083118
10.340565
10.162382
11.001950
12.276400
10.126143
10.709007
10.887189
10.853969
11.083490
11.436834
11.397573
11.983459
12.421362
12.901546
12.895505
13.227708
13.532730
10.274124
10.515726
11.847557
11.346233
10.965710
10.772429
10.693907
10.545926
10.488545
10.545926
10.325464
10.292244
10.322445
10.132183
13.013287
12.031778
11.313012
11.113691
11.847557
11.781116
11.300933
10.802628
10.467405
10.476465
10.651628
10.705988
10.494585
10.262043
12.496862
10.005342
10.056683
10.222784
10.210703
10.114062
10.083862
10.101982
12.430422
10.023462
12.376061
12.421362
12.294520
12.421362
12.209959
12.376062
12.116339
11.871716
10.026482
11.944197
10.585186
10.298285
11.575754
11.415693
11.149931
11.107651
11.180132
11.778096
12.388142
10.008362
10.410025
10.983829
11.071410
11.035171
11.479115
11.850576
11.847557
11.708636
11.850576
11.829437
12.104259
12.729404
13.010266
12.653904
13.294147
13.393809
10.316404
10.941549
11.119731
10.609346
10.654647
10.425125
10.346604
10.056683
13.345488
12.696184
12.650883
12.762625
12.128419
11.370394
10.705988
10.986850
10.506666
10.923429
10.654647
10.228824
10.071782
12.415322
12.421361
10.186543
10.195604
10.023462
12.288480
12.264320
12.300561
12.400221
12.502902
12.261300
12.379082
12.499882
12.327741
11.992518
12.342841
12.234119
11.923057
12.194860
10.195603
10.150303
12.107279
12.563303
11.717695
12.360960
10.114063
11.527433
10.268084
10.775448
10.150303
11.313012
10.709007
11.608974
11.835476
10.062721
12.363980
11.968357
10.340564
10.585187
10.585186
10.829808
11.451933
11.883797
12.007618
12.327741
12.360961
13.366630
10.407005
10.500626
10.564047
10.289224
10.437205
10.394925
11.134831
11.358313
10.838868
10.476466
10.509686
10.530826
10.256004
13.260929
12.955906
12.617663
12.798864
12.427402
11.639175
11.095571
11.059330
11.089531
11.177112
10.823769
10.524786
10.313385
10.068762
10.062722
10.080842
10.313385
10.150303
10.023461
10.047623
12.324720
12.478743
10.035542
10.023462
10.050642
10.126143
10.029502
12.385121
12.385121
12.445522
12.107278
12.058959
11.998558
11.995538
11.841516
11.805277
11.814337
10.259024
10.591227
12.228079
10.766388
11.418714
11.551595
11.101611
12.252239
12.705244
10.639547
10.684847
10.992890
10.995910
11.213351
11.113690
11.032150
11.143891
11.430794
11.575754
11.874737
12.098219
12.188819
12.629744
10.017422
10.687868
10.228824
10.171443
10.026482
10.023462
13.224688
10.195603
10.234864
10.050642
10.105002
10.111043
12.856245
12.164660
11.331133
11.086512
11.699575
11.907957
11.291872
10.639546
10.533846
10.464386
10.376804
10.609346
10.693908
10.361705
10.201643
12.451562
10.080842
10.201643
10.304324
10.437205
10.198624
10.077823
10.177483
10.527806
10.114063
10.201643
10.053662
12.572362
10.120102
10.416065
12.249221
12.255260
10.280164
10.530827
12.342840
12.179759
12.439482
12.348881
10.322444
10.159363
10.286204
10.446265
10.292244
10.391905
10.428144
10.400965
10.594247
10.609346
10.494585
10.407005
10.382845
10.361705
10.476465
10.564047
10.687868
10.533846
10.491566
10.388885
10.727128
10.712029
10.651627
10.657667
10.615387
10.998930
11.165030
11.007990
10.820749
10.820749
11.204291
11.817356
11.101610
10.712028
11.303953
12.445522
12.040838
11.898897
12.170699
10.403985
11.802257
10.998930
10.841888
11.059331
11.080471
11.216372
11.542535
11.998559
12.333781
12.605583
12.357942
12.249220
13.137107
10.252983
10.228824
11.627095
10.083862
10.594246
13.276028
10.479486
12.421361
13.140127
13.140127
12.155599
10.947590
11.044230
12.321701
10.089903
10.358685
10.186543
10.011381
13.345490
11.844537
11.409654
13.886073
10.533846
11.409653
10.778468
13.490450
12.693164
13.215628
15.042743
10.355665
13.807552
13.481390
13.674672
10.014402
10.029503
14.511219
13.843794
13.472330
13.662592
14.046135
13.273009
13.565950
13.490450
12.961945
12.662962
12.110298
12.376060
12.530083
12.357941
11.920037
11.258652
10.340565
10.298284
10.721087
10.823769
10.476465
13.058586
12.385121
12.457603
12.735444
12.705244
12.342840
11.956278
11.874737
11.772057
11.898896
11.799236
11.627095
11.530455
11.355293
11.424754
11.563675
11.527434
11.397573
11.355292
11.240532
11.349253
11.322072
11.225431
11.032149
11.107651
11.204291
11.485153
11.074430
11.007990
11.316032
11.451934
11.518374
11.901917
11.980438
12.252240
12.484781
10.597267
10.739208
10.319424
10.343584
10.458345
10.437205
10.847929
12.270360
13.076707
12.708263
12.007618
11.500254
11.373413
12.209959
14.547459
10.274124
10.144262
10.252983
13.439110
12.116339
13.324348
14.399478
10.274124
11.101610
13.867953
13.158247
13.638432
15.516888
11.518373
11.165031
14.097475
14.224316
14.659200
11.059330
11.923058
12.040838
14.586720
10.002321
10.095942
10.573107
11.288853
11.053290
10.394924
10.256004
10.295264
10.986850
11.451933
11.684475
12.098219
10.573107
10.654647
10.766388
11.334152
11.702596
12.367001
11.696556
10.947590
11.068390
11.784136
11.720716
12.122379
12.113319
11.618034
11.234491
11.865677
12.264320
12.801885
12.581423
12.152579
11.696556
11.935138
12.584442
12.732424
12.835105
12.977046
12.143519
12.182779
12.786785
12.992146
12.892486
12.977046
12.315660
12.530083
12.983086
13.182407
13.001206
13.016306
12.439482
12.801885
13.007246
13.590111
13.463270
13.417970
12.545183
13.230728
13.366629
13.466290
13.402869
13.034427
13.052547
13.656551
14.009894
13.457230
13.707892
13.227708
13.550851
13.958554
13.816612
14.012915
13.448170
13.445150
13.816613
13.925334
13.547831
13.858893
13.689772
14.142776
14.571619
14.003855
14.024994
14.242435
13.949493
14.293777
14.194117
13.946474
13.991774
14.018954
14.188076
14.278677
14.136736
14.100495
14.375318
14.254517
14.384377
14.221296
14.408538
14.242436
14.589739
14.783020
14.242436
14.169956
14.420618
14.363237
14.477999
14.710541
14.124655
14.408538
14.426659
14.405518
14.571619
14.055195
14.426659
14.384377
14.529339
14.477999
14.251496
14.305857
14.444778
14.559539
14.411558
14.179016
14.326998
14.227336
14.613899
14.387398
14.218277
14.263577
14.206196
14.604839
14.266597
14.342097
13.635411
13.638432
13.106907
13.408910
13.321329
13.004227
13.312269
12.505922
12.780745
12.533102
12.931746
12.240160
12.602563
12.155600
12.061979
12.276401
12.077079
12.049898
11.729776
11.702596
11.391533
11.566694
11.660315
11.675415
11.515354
11.394553
11.605955
11.542534
11.119731
11.207312
11.116711
11.080471
11.116711
11.023090
11.041210
11.023090
10.823769
10.814709
10.872089
10.829808
11.059330
10.742228
10.896249
10.606327
10.917389
10.757328
11.065371
10.811688
10.902288
10.751287
10.718067
10.875109
11.367373
10.835849
10.730148
10.896249
10.739208
10.675787
11.183151
11.001949
10.920409
10.440226
10.624447
10.521767
10.721087
10.494585
10.313384
10.446265
10.123123
10.011382
14.982343
14.767921
14.704500
14.638060
14.218277
13.970634
13.668633
13.354549
13.405890
13.236769
12.711284
12.548203
12.282440
11.379454
12.028759
11.717695
11.237512
11.451934
10.787528
10.808668
10.702968
10.310364
13.218649
12.813965
12.330761
11.753936
11.228451
10.902288
10.594246
10.539886
10.440226
10.240904
12.339821
12.031778
11.814337
12.016679
12.203919
12.101239
11.675416
11.599915
11.669376
11.829436
11.980438
12.046879
11.762996
11.793197
11.853597
11.877758
12.140499
12.197881
12.300562
12.599543
10.331505
12.261300
12.475721
10.186543
10.410025
10.503646
10.615387
12.149560
12.095199
10.394925
10.772429
11.729775
11.726755
11.207312
11.554615
11.198251
10.298285
11.566694
12.291500
11.627095
12.306601
12.726383
11.772057
11.264692
11.826416
10.029502
11.071410
12.140499
11.711656
11.174091
11.705616
12.324721
12.487803
10.092922
12.321701
12.466661
10.289224
12.487803
10.077822
10.252983
10.252983
10.095942
10.044602
12.490822
12.457602
11.844538
12.212980
12.357941
12.608603
11.201271
11.213352
10.352644
10.956650
10.675787
11.011010
11.050271
11.340193
10.035542
11.104630
11.282811
11.778095
12.448542
10.431166
11.231472
10.410025
10.252984
10.307344
10.630487
10.754308
11.732796
10.216743
10.503645
10.558006
10.539886
10.023462
12.167681
10.307344
10.600287
11.385492
11.337173
12.203920
10.515726
10.736189
12.282440
10.298285
10.959669
10.343584
11.521394
11.910977
10.065742
12.225060
10.029502
10.243923
10.388885
10.784508
12.243179
11.020070
10.754308
10.657667
10.959669
10.642567
11.316033
10.657667
10.751287
12.288480
10.162383
10.334524
10.114063
10.310364
12.182779
11.639175
10.301304
11.796217
10.038562
10.180504
11.572735
11.853597
12.064999
11.258652
11.793198
10.636527
10.068762
12.647863
10.014402
10.014401
10.488546
10.446265
10.304324
10.240904
10.120103
10.234863
10.527806
10.358685
10.461366
10.416065
11.451933
10.391905
10.201643
10.533846
11.575755
11.228453
10.373784
10.730146
10.388885
11.101610
11.062350
11.992517
13.300189
10.419085
10.965710
11.177112
12.481762
11.557634
11.923058
11.974398
10.663708
11.068390
11.152951
11.506293
11.004970
11.177111
12.149559
12.116339
11.678435
11.808296
12.197880
12.632764
10.564047
11.110671
10.379826
12.273380
12.391161
12.829065
10.681828
11.772057
11.177111
10.177483
10.080842
10.129163
10.292244
10.391905
10.615387
10.627467
10.953629
10.986850
11.183151
11.041210
10.844909
10.751287
10.509686
11.711656
11.213352
11.309993
11.089531
10.953629
11.593875
11.735816
11.995539
11.406633
11.113691
10.515726
10.914370
11.989498
13.807553
10.899269
10.554986
11.128791
11.101610
11.376432
10.908329
11.938158
11.007990
11.026110
0.000000
0.000000
0.000000
0.000000
0.000000
0.000000
0.000000
0.000000
0.000000
0.000000
0.000000
0.000000
0.000000
0.000000
0.000000
0.000000
0.000000
0.000000
0.000000
0.000000
0.000000
0.000000
0.000000
0.000000
0.000000
0.000000
0.000000
0.000000
0.000000
0.000000
0.000000
0.000000
0.000000
0.000000
0.000000
0.000000
0.000000
0.000000
0.000000
0.000000
0.000000
0.000000
0.000000
0.000000
0.000000
0.000000
0.000000
0.000000
0.000000
0.000000
0.000000
0.000000
0.000000
0.000000
0.000000
0.000000
0.000000
0.000000
0.000000
0.000000
0.000000
0.000000
0.000000
0.000000
0.000000
0.000000
0.000000
0.000000
0.000000
0.000000
0.000000
0.000000
0.000000
0.000000
0.000000
0.000000
0.000000
0.000000
0.000000
0.000000
0.000000
0.000000
0.000000
0.000000
0.000000
0.000000
0.000000
0.000000
0.000000
0.000000
0.000000
0.000000
0.000000
0.000000
0.000000
0.000000
0.000000
0.000000
0.000000
0.000000
0.000000
0.000000
0.000000
0.000000
0.000000
0.000000
0.000000
0.000000
0.000000
0.000000
0.000000
0.000000
0.000000
0.000000
0.000000
0.000000
0.000000
0.000000
0.000000
0.000000
0.000000
0.000000
0.000000
0.000000
0.000000
0.000000
0.000000
0.000000
0.000000
0.000000
0.000000
0.000000
0.000000
0.000000
0.000000
0.000000
0.000000
0.000000
0.000000
0.000000
0.000000
0.000000
0.000000
0.000000
0.000000
0.000000
0.000000
0.000000
0.000000
0.000000
0.000000
0.000000
0.000000
0.000000
0.000000
0.000000
0.000000
0.000000
0.000000
0.000000
0.000000
0.000000
0.000000
0.000000
0.000000
0.000000
0.000000
0.000000
0.000000
0.000000
0.000000
0.000000
0.000000
0.000000
0.000000
0.000000
0.000000
0.000000
0.000000
0.000000
0.000000
0.000000
0.000000
0.000000
0.000000
0.000000
0.000000
0.000000
0.000000
0.000000
0.000000
0.000000
0.000000
0.000000
0.000000
0.000000
0.000000
0.000000
0.000000
0.000000
0.000000
0.000000
0.000000
0.000000
0.000000
0.000000
0.000000
0.000000
0.000000
0.000000
0.000000
0.000000
0.000000
0.000000
0.000000
0.000000
0.000000
0.000000
0.000000
0.000000
0.000000
0.000000
0.000000
0.000000
0.000000
0.000000
0.000000
0.000000
0.000000
0.000000
0.000000
0.000000
0.000000
0.000000
0.000000
0.000000
0.000000
0.000000
0.000000
0.000000
0.000000
0.000000
0.000000
0.000000
0.000000
0.000000
0.000000
0.000000
0.000000
0.000000
0.000000
0.000000
0.000000
0.000000
0.000000
0.000000
0.000000
0.000000
0.000000
0.000000
0.000000
0.000000
0.000000
0.000000
0.000000
0.000000
0.000000
0.000000
0.000000
0.000000
0.000000
0.000000
0.000000
0.000000
0.000000
0.000000
0.000000
0.000000
0.000000
0.000000
0.000000
0.000000
0.000000
0.000000
0.000000
0.000000
0.000000
0.000000
0.000000
0.000000
0.000000
0.000000
0.000000
0.000000
0.000000
0.000000
0.000000
0.000000
0.000000
0.000000
0.000000
0.000000
0.000000
0.000000
0.000000
0.000000
0.000000
0.000000
0.000000
0.000000
0.000000
0.000000
0.000000
0.000000
0.000000
0.000000
0.000000
0.000000
0.000000
0.000000
0.000000
0.000000
0.000000
0.000000
0.000000
0.000000
0.000000
0.000000
0.000000
0.000000
0.000000
0.000000
0.000000
0.000000
0.000000
0.000000
0.000000
0.000000
0.000000
0.000000
0.000000
0.000000
0.000000
0.000000
0.000000
0.000000
0.000000
0.000000
0.000000
0.000000
0.000000
0.000000
0.000000
0.000000
0.000000
0.000000
0.000000
0.000000
0.000000
0.000000
0.000000
0.000000
0.000000
0.000000
0.000000
0.000000
0.000000
0.000000
0.000000
0.000000
0.000000
0.000000
0.000000
0.000000
0.000000
0.000000
0.000000
0.000000
0.000000
0.000000
0.000000
0.000000
0.000000
0.000000
0.000000
0.000000
0.000000
0.000000
0.000000
0.000000
0.000000
0.000000
0.000000
0.000000
0.000000
0.000000
0.000000
0.000000
0.000000
0.000000
0.000000
0.000000
0.000000
0.000000
0.000000
0.000000
0.000000
0.000000
0.000000
0.000000
0.000000
0.000000
0.000000
0.000000
0.000000
0.000000
0.000000
0.000000
0.000000
0.000000
0.000000
0.000000
0.000000
0.000000
0.000000
0.000000
0.000000
0.000000
0.000000
0.000000
0.000000
0.000000
0.000000
0.000000
0.000000
0.000000
0.000000
0.000000
0.000000
0.000000
0.000000
0.000000
0.000000
0.000000
0.000000
0.000000
0.000000
0.000000
0.000000
0.000000
0.000000
0.000000
0.000000
0.000000
0.000000
0.000000
0.000000
0.000000
0.000000
0.000000
0.000000
0.000000
0.000000
0.000000
0.000000
0.000000
0.000000
0.000000
0.000000
0.000000
0.000000
0.000000
0.000000
0.000000
0.000000
0.000000
0.000000
0.000000
0.000000
0.000000
0.000000
0.000000
0.000000
0.000000
0.000000
0.000000
0.000000
0.000000
0.000000
0.000000
0.000000
0.000000
0.000000
0.000000
0.000000
0.000000
0.000000
0.000000
0.000000
0.000000
0.000000
0.000000
0.000000
0.000000
0.000000
0.000000
0.000000
0.000000
0.000000
0.000000
0.000000
0.000000
0.000000
0.000000
0.000000
0.000000
0.000000
0.000000
0.000000
0.000000
0.000000
0.000000
0.000000
0.000000
0.000000
0.000000
0.000000
0.000000
0.000000
0.000000
0.000000
0.000000
0.000000
0.000000
0.000000
0.000000
0.000000
0.000000
0.000000
0.000000
0.000000
0.000000
0.000000
0.000000
0.000000
0.000000
0.000000
0.000000
0.000000
0.000000
0.000000
0.000000
0.000000
0.000000
0.000000
0.000000
0.000000
0.000000
0.000000
0.000000
0.000000
0.000000
0.000000
0.000000
0.000000
0.000000
0.000000
0.000000
0.000000
0.000000
0.000000
0.000000
0.000000
0.000000
0.000000
0.000000
0.000000
0.000000
0.000000
0.000000
0.000000
0.000000
0.000000
0.000000
0.000000
0.000000
0.000000
0.000000
0.000000
0.000000
0.000000
0.000000
0.000000
0.000000
0.000000
0.000000
0.000000
0.000000
0.000000
0.000000
0.000000
0.000000
0.000000
0.000000
0.000000
0.000000
0.000000
0.000000
0.000000
0.000000
0.000000
0.000000
0.000000
0.000000
0.000000
0.000000
0.000000
0.000000
0.000000
0.000000
0.000000
0.000000
0.000000
0.000000
0.000000
0.000000
0.000000
0.000000
0.000000
0.000000
0.000000
0.000000
0.000000
0.000000
0.000000
0.000000
0.000000
0.000000
0.000000
0.000000
0.000000
0.000000
0.000000
0.000000
0.000000
0.000000
0.000000
0.000000
0.000000
0.000000
0.000000
0.000000
0.000000
0.000000
0.000000
0.000000
0.000000
0.000000
0.000000
0.000000
0.000000
0.000000
0.000000
0.000000
0.000000
0.000000
0.000000
0.000000
0.000000
0.000000
0.000000
0.000000
0.000000
0.000000
0.000000
0.000000
0.000000
0.000000
0.000000
0.000000
0.000000
0.000000
0.000000
0.000000
0.000000
0.000000
0.000000
0.000000
0.000000
0.000000
0.000000
0.000000
0.000000
0.000000
0.000000
0.000000
0.000000
0.000000
0.000000
0.000000
0.000000
0.000000
0.000000
0.000000
0.000000
0.000000
0.000000
0.000000
0.000000
0.000000
0.000000
0.000000
0.000000
0.000000
0.000000
0.000000
0.000000
0.000000
0.000000
0.000000
0.000000
0.000000
0.000000
0.000000
0.000000
0.000000
0.000000
0.000000
0.000000
0.000000
0.000000
0.000000
0.000000
0.000000
0.000000
0.000000
0.000000
0.000000
0.000000
0.000000
0.000000
0.000000
0.000000
0.000000
0.000000
0.000000
0.000000
0.000000
0.000000
0.000000
0.000000
0.000000
0.000000
0.000000
0.000000
0.000000
0.000000
0.000000
0.000000
0.000000
0.000000
0.000000
0.000000
0.000000
0.000000
0.000000
0.000000
0.000000
0.000000
0.000000
0.000000
0.000000
0.000000
0.000000
0.000000
0.000000
0.000000
0.000000
0.000000
0.000000
0.000000
0.000000
0.000000
0.000000
0.000000
0.000000
0.000000
0.000000
0.000000
0.000000
0.000000
0.000000
0.000000
0.000000
0.000000
0.000000
0.000000
0.000000
0.000000
0.000000
0.000000
0.000000
0.000000
0.000000
0.000000
0.000000
0.000000
0.000000
0.000000
0.000000
0.000000
0.000000
0.000000
0.000000
0.000000
0.000000
0.000000
0.000000
0.000000
0.000000
0.000000
0.000000
0.000000
0.000000
0.000000
0.000000
0.000000
0.000000
0.000000
0.000000
0.000000
0.000000
0.000000
0.000000
0.000000
0.000000
0.000000
0.000000
0.000000
0.000000
0.000000
0.000000
0.000000
0.000000
0.000000
0.000000
0.000000
0.000000
0.000000
0.000000
0.000000
0.000000
0.000000
0.000000
0.000000
0.000000
0.000000
0.000000
0.000000
0.000000
0.000000
0.000000
0.000000
0.000000
0.000000
0.000000
0.000000
0.000000
0.000000
0.000000
0.000000
0.000000
0.000000
0.000000
0.000000
0.000000
0.000000
0.000000
0.000000
0.000000
0.000000
0.000000
0.000000
0.000000
0.000000
0.000000
0.000000
0.000000
0.000000
0.000000
0.000000
0.000000
0.000000
0.000000
0.000000
0.000000
0.000000
0.000000
0.000000
0.000000
0.000000
0.000000
0.000000
0.000000
0.000000
0.000000
0.000000
0.000000
0.000000
0.000000
0.000000
0.000000
0.000000
0.000000
0.000000
0.000000
0.000000
0.000000
0.000000
0.000000
0.000000
0.000000
0.000000
0.000000
0.000000
0.000000
0.000000
0.000000
0.000000
0.000000
0.000000
0.000000
0.000000
0.000000
0.000000
0.000000
0.000000
0.000000
0.000000
0.000000
0.000000
0.000000
0.000000
0.000000
0.000000
0.000000
0.000000
0.000000
0.000000
0.000000
0.000000
0.000000
0.000000
0.000000
0.000000
0.000000
0.000000
0.000000
0.000000
0.000000
0.000000
0.000000
0.000000
0.000000
0.000000
0.000000
0.000000
0.000000
0.000000
0.000000
0.000000
0.000000
0.000000
0.000000
0.000000
0.000000
0.000000
0.000000
0.000000
0.000000
0.000000
0.000000
0.000000
0.000000
0.000000
0.000000
0.000000
0.000000
0.000000
0.000000
0.000000
0.000000
0.000000
0.000000
0.000000
0.000000
0.000000
0.000000
0.000000
0.000000
0.000000
0.000000
0.000000
0.000000
0.000000
0.000000
0.000000
0.000000
0.000000
0.000000
0.000000
0.000000
0.000000
0.000000
0.000000
0.000000
0.000000
0.000000
0.000000
0.000000
0.000000
0.000000
0.000000
0.000000
0.000000
0.000000
0.000000
0.000000
0.000000
0.000000
0.000000
0.000000
0.000000
0.000000
0.000000
0.000000
0.000000
0.000000
0.000000
0.000000
0.000000
0.000000
0.000000
0.000000
0.000000
0.000000
0.000000
0.000000
0.000000
0.000000
0.000000
0.000000
0.000000
0.000000
0.000000
0.000000
0.000000
0.000000
0.000000
0.000000
0.000000
0.000000
0.000000
0.000000
0.000000
0.000000
0.000000
0.000000
0.000000
0.000000
0.000000
0.000000
0.000000
0.000000
0.000000
0.000000
0.000000
0.000000
0.000000
0.000000
0.000000
0.000000
0.000000
0.000000
0.000000
0.000000
0.000000
0.000000
0.000000
0.000000
0.000000
0.000000
0.000000
0.000000
0.000000
0.000000
0.000000
0.000000
0.000000
0.000000
0.000000
0.000000
0.000000
0.000000
0.000000
0.000000
0.000000
0.000000
0.000000
0.000000
0.000000
0.000000
0.000000
0.000000
0.000000
0.000000
0.000000
0.000000
0.000000
0.000000
0.000000
0.000000
0.000000
0.000000
0.000000
0.000000
0.000000
0.000000
0.000000
0.000000
0.000000
0.000000
0.000000
0.000000
0.000000
0.000000
0.000000
0.000000
0.000000
0.000000
0.000000
0.000000
0.000000
0.000000
0.000000
0.000000
0.000000
0.000000
0.000000
0.000000
0.000000
0.000000
0.000000
0.000000
0.000000
0.000000
0.000000
0.000000
0.000000
0.000000
0.000000
0.000000
0.000000
0.000000
0.000000
0.000000
0.000000
0.000000
0.000000
0.000000
0.000000
0.000000
0.000000
0.000000
0.000000
0.000000
0.000000
0.000000
0.000000
0.000000
0.000000
0.000000
0.000000
0.000000
0.000000
0.000000
0.000000
0.000000
0.000000
0.000000
0.000000
0.000000
0.000000
0.000000
0.000000
0.000000
0.000000
0.000000
0.000000
0.000000
0.000000
0.000000
0.000000
0.000000
0.000000
0.000000
0.000000
0.000000
0.000000
0.000000
0.000000
0.000000
0.000000
0.000000
0.000000
0.000000
0.000000
0.000000
0.000000
0.000000
0.000000
0.000000
0.000000
0.000000
0.000000
0.000000
0.000000
0.000000
0.000000
0.000000
0.000000
0.000000
0.000000
0.000000
0.000000
0.000000
0.000000
0.000000
0.000000
0.000000
0.000000
0.000000
0.000000
0.000000
0.000000
0.000000
0.000000
0.000000
0.000000
0.000000
0.000000
0.000000
0.000000
0.000000
0.000000
0.000000
0.000000
0.000000
0.000000
0.000000
0.000000
0.000000
0.000000
0.000000
0.000000
0.000000
0.000000
0.000000
0.000000
0.000000
0.000000
0.000000
0.000000
0.000000
0.000000
0.000000
0.000000
0.000000
0.000000
0.000000
0.000000
0.000000
0.000000
0.000000
0.000000
0.000000
0.000000
0.000000
0.000000
0.000000
0.000000
0.000000
0.000000
0.000000
0.000000
0.000000
0.000000
0.000000
0.000000
0.000000
0.000000
0.000000
0.000000
0.000000
0.000000
0.000000
0.000000
0.000000
0.000000
0.000000
0.000000
0.000000
0.000000
0.000000
0.000000
0.000000
0.000000
0.000000
0.000000
0.000000
0.000000
0.000000
0.000000
0.000000
0.000000
0.000000
0.000000
0.000000
0.000000
0.000000
0.000000
0.000000
0.000000
0.000000
0.000000
0.000000
0.000000
0.000000
0.000000
0.000000
0.000000
0.000000
0.000000
0.000000
0.000000
0.000000
0.000000
0.000000
0.000000
0.000000
0.000000
0.000000
0.000000
0.000000
0.000000
0.000000
0.000000
0.000000
0.000000
0.000000
0.000000
0.000000
0.000000
0.000000
0.000000
0.000000
0.000000
0.000000
0.000000
0.000000
0.000000
0.000000
0.000000
0.000000
0.000000
0.000000
0.000000
0.000000
0.000000
0.000000
0.000000
0.000000
0.000000
0.000000
0.000000
0.000000
0.000000
0.000000
0.000000
0.000000
0.000000
0.000000
0.000000
0.000000
0.000000
0.000000
0.000000
0.000000
0.000000
0.000000
0.000000
0.000000
0.000000
0.000000
0.000000
0.000000
0.000000
0.000000
0.000000
0.000000
0.000000
0.000000
0.000000
0.000000
0.000000
0.000000
0.000000
0.000000
0.000000
0.000000
0.000000
0.000000
0.000000
0.000000
0.000000
0.000000
0.000000
0.000000
0.000000
0.000000
0.000000
0.000000
0.000000
0.000000
0.000000
0.000000
0.000000
0.000000
0.000000
0.000000
0.000000
0.000000
0.000000
0.000000
0.000000
0.000000
0.000000
0.000000
0.000000
0.000000
0.000000
0.000000
0.000000
0.000000
0.000000
0.000000
0.000000
0.000000
0.000000
0.000000
0.000000
0.000000
0.000000
0.000000
0.000000
0.000000
0.000000
0.000000
0.000000
0.000000
0.000000
0.000000
0.000000
0.000000
0.000000
0.000000
0.000000
0.000000
0.000000
0.000000
0.000000
0.000000
0.000000
0.000000
0.000000
0.000000
0.000000
0.000000
0.000000
0.000000
0.000000
0.000000
0.000000
0.000000
0.000000
0.000000
0.000000
0.000000
0.000000
0.000000
0.000000
0.000000
0.000000
0.000000
0.000000
0.000000
0.000000
0.000000
0.000000
0.000000
0.000000
0.000000
0.000000
0.000000
0.000000
0.000000
0.000000
0.000000
0.000000
0.000000
0.000000
0.000000
0.000000
0.000000
0.000000
0.000000
0.000000
0.000000
0.000000
0.000000
0.000000
0.000000
0.000000
0.000000
0.000000
0.000000
0.000000
0.000000
0.000000
0.000000
0.000000
0.000000
0.000000
0.000000
0.000000
0.000000
0.000000
0.000000
0.000000
0.000000
0.000000
0.000000
0.000000
0.000000
0.000000
0.000000
0.000000
0.000000
0.000000
0.000000
0.000000
0.000000
0.000000
0.000000
0.000000
0.000000
0.000000
0.000000
0.000000
0.000000
0.000000
0.000000
0.000000
0.000000
0.000000
0.000000
0.000000
0.000000
0.000000
0.000000
0.000000
0.000000
0.000000
0.000000
0.000000
0.000000
0.000000
0.000000
0.000000
0.000000
0.000000
0.000000
0.000000
0.000000
0.000000
0.000000
0.000000
0.000000
0.000000
0.000000
0.000000
0.000000
0.000000
0.000000
0.000000
0.000000
0.000000
0.000000
0.000000
0.000000
0.000000
0.000000
0.000000
0.000000
0.000000
0.000000
0.000000
0.000000
0.000000
0.000000
0.000000
0.000000
0.000000
0.000000
0.000000
0.000000
0.000000
0.000000
0.000000
0.000000
0.000000
0.000000
0.000000
0.000000
0.000000
0.000000
0.000000
0.000000
0.000000
0.000000
0.000000
0.000000
0.000000
0.000000
0.000000
0.000000
0.000000
0.000000
0.000000
0.000000
0.000000
0.000000
0.000000
0.000000
0.000000
0.000000
0.000000
0.000000
0.000000
0.000000
0.000000
0.000000
0.000000
0.000000
0.000000
0.000000
0.000000
0.000000
0.000000
0.000000
0.000000
