-0.000147
0.000051
0.000509
0.000279
-0.000499
-0.000710
-0.000230
0.000128
-0.000020
0.000156
0.000442
0.000268
0.000680
0.000795
0.000774
0.000589
0.000707
0.000372
0.000355
0.000479
0.000324
0.000232
0.000579
0.001838
0.004217
0.007667
0.012425
0.018100
0.023813
0.029594
0.035572
0.040476
0.043309
0.043140
0.039555
0.033955
0.028230
0.021219
0.012958
0.004914
-0.002788
-0.010613
-0.018419
-0.026067
-0.033044
-0.040325
-0.048312
-0.055881
-0.061693
-0.063690
-0.061967
-0.058436
-0.053925
-0.047827
-0.039371
-0.029754
-0.021182
-0.011207
-0.007707
-0.003652
0.000870
0.005002
0.008770
0.012209
0.015578
0.017792
0.017766
0.017779
0.017154
0.016776
0.016146
0.014819
0.013027
0.011326
0.009897
0.008583
0.005244
0.006876
0.005429
0.004162
0.002985
0.001939
0.000628
-0.000333
-0.000057
0.000535
0.001031
0.001373
0.001456
0.001632
0.002035
0.002647
0.003196
0.003662
0.003135
0.002541
0.002629
0.003279
0.003538
0.003417
0.002731
0.001623
0.001011
0.001168
0.001361
0.001007
0.000692
-0.000149
-0.000341
-0.000313
-0.000314
-0.000099
-0.000142
-0.000258
-0.000190
-0.000154
-0.000180
0.000019
0.000416
0.000439
0.000351
0.000482
0.000614
0.000675
0.000714
0.001193
0.002450
0.004640
0.007156
0.011263
0.016436
0.021790
0.027201
0.033024
0.038870
0.045001
0.051497
0.057260
0.062716
0.084147
0.070556
0.071975
0.071522
0.068888
0.080667
0.074615
0.053878
0.048582
0.044216
0.040305
0.036473
0.033770
0.032154
0.029948
0.027281
0.025511
0.024052
0.022214
0.021485
0.015207
0.013919
0.012631
0.011656
0.011048
0.010488
0.009843
0.009299
0.008742
0.008192
0.007753
0.007331
0.007022
0.006808
0.006228
0.005661
0.005252
0.005118
0.005255
0.005297
0.003259
0.003071
0.004406
0.004109
0.003872
0.002206
0.001760
0.001351
0.001478
0.001309
0.000919
0.000781
0.000415
0.000001
-0.000331
-0.000363
-0.000312
-0.000256
-0.000237
-0.000276
-0.000411
-0.000489
-0.000411
-0.000162
0.000057
0.000234
0.000357
0.000378
0.000414
0.000570
0.000788
0.000936
0.001095
0.001226
0.001366
0.001427
0.001642
0.001885
0.002233
0.002464
0.002587
0.002435
0.002396
0.002375
0.002348
0.002326
0.002260
0.001955
0.001682
0.001835
0.001843
0.002001
0.002075
0.002248
0.002733
0.003455
0.004187
0.004834
0.005458
0.006055
0.006807
0.007630
0.008484
0.009347
0.010098
0.010493
0.010353
0.009949
0.009413
0.008705
0.007951
0.006813
0.005485
0.003959
0.002832
-0.000306
-0.003405
-0.004183
-0.005638
-0.007012
-0.013235
-0.016623
-0.019114
-0.020765
-0.022229
-0.023684
-0.025047
-0.025440
-0.024288
-0.014996
-0.020851
-0.018744
-0.015794
-0.012359
-0.008681
-0.005274
-0.002318
0.000634
0.003538
0.006074
0.008358
0.009891
0.010809
0.011587
0.011763
0.007794
0.007425
0.009930
0.008279
0.007200
0.006195
0.004963
0.003492
0.002184
0.001188
0.000898
0.000453
-0.000037
-0.000227
0.000178
0.000458
0.000577
0.000517
0.000325
0.000383
0.000678
0.000895
0.001426
0.001445
0.001288
0.001092
0.001000
0.001769
0.004118
0.007057
0.010010
0.014850
0.020782
0.026114
0.031475
0.037555
0.044268
0.065029
0.070623
0.062585
0.068639
0.089680
0.072114
0.070780
0.067294
0.078122
0.070794
0.063566
0.045923
0.041433
0.037836
0.034904
0.032237
0.029563
0.027832
0.026611
0.024701
0.022452
0.021020
0.020009
0.018710
0.017881
0.013098
0.012735
0.012370
0.011872
0.011098
0.010588
0.010144
0.009231
0.008212
0.007543
0.007298
0.006838
0.006092
0.005564
0.003539
0.003545
0.003588
0.003649
0.005509
0.004535
0.003941
0.002446
0.002220
0.002294
0.003475
0.003055
0.002645
0.001302
0.000820
0.000340
0.000044
0.000430
0.000657
0.000345
0.000182
0.000007
0.000100
0.000289
0.000406
0.000529
0.000600
0.000622
0.000598
0.000616
0.000689
0.000790
0.000833
0.000804
0.000684
0.000601
0.000629
0.000670
0.000614
0.000548
0.000423
0.000304
0.000361
0.000447
0.000479
0.000546
0.000637
0.000600
0.000400
0.000269
0.000302
0.000325
0.000414
0.000547
0.000610
0.000273
0.000060
-0.000047
0.000080
0.000241
0.000281
0.000106
-0.000189
-0.000437
-0.000556
-0.000553
-0.000341
-0.000179
-0.000101
-0.000030
0.000040
0.000035
-0.000022
0.000055
0.000095
0.000182
0.000288
0.000331
0.000057
0.000004
-0.000058
-0.000032
0.000015
-0.000080
-0.000185
-0.000229
-0.000159
-0.000078
-0.000074
-0.000112
-0.000107
-0.000077
0.000017
0.000134
0.000038
-0.000173
-0.000340
-0.000386
-0.000274
-0.000059
-0.000080
-0.000233
-0.000291
-0.000196
-0.000124
-0.000158
-0.000172
-0.000087
0.000133
0.000358
0.000371
0.000287
0.000457
0.000729
0.000985
0.000914
0.000649
0.000583
0.000500
0.000453
0.000286
0.000024
-0.000176
-0.000273
-0.000326
-0.000432
-0.000610
-0.000637
-0.000482
-0.000235
-0.000079
-0.000121
-0.000112
0.000016
0.000140
0.000229
0.000176
0.000049
0.000005
0.000005
-0.000025
-0.000129
-0.000304
-0.000429
-0.000443
-0.000469
-0.000565
-0.000786
-0.000940
-0.000966
-0.000910
-0.000911
-0.001004
-0.001025
-0.000857
-0.000663
-0.000533
-0.000557
-0.000571
-0.000396
-0.000146
0.000082
0.000223
0.000200
0.000343
0.000599
0.000827
0.000954
0.000886
0.000944
0.001148
0.001314
0.001351
0.001211
0.001120
0.001152
0.001237
0.001272
0.001142
0.000908
0.000770
0.000703
0.000599
0.000410
0.000101
-0.000127
-0.000179
-0.000174
-0.000203
-0.000446
-0.000606
-0.000570
-0.000478
-0.000382
-0.000422
-0.000446
-0.000292
-0.000059
-0.000166
-0.000363
-0.000370
-0.000100
0.000225
0.000259
-0.000051
-0.000298
-0.000146
0.000185
0.000359
0.000174
-0.000281
-0.000595
-0.000494
-0.000083
0.000291
0.000400
0.000136
-0.000229
-0.000348
-0.000072
0.000689
0.001312
0.001172
0.000392
-0.000142
0.000516
0.001059
0.000695
-0.000421
-0.001041
-0.000253
0.000354
0.000330
-0.000224
-0.000990
-0.000981
-0.000474
-0.000202
-0.000193
-0.000293
-0.000456
-0.000492
-0.000147
0.000097
0.000229
0.000321
0.000077
0.000005
0.000250
0.000343
0.000381
0.000429
0.000478
0.000301
0.000519
0.000488
0.000522
0.000610
0.000647
-0.000187
-0.000171
0.001931
0.005203
0.009642
0.015505
0.023039
0.030590
0.038249
0.046538
0.055427
0.065702
0.076551
0.086628
0.096679
0.106843
0.116317
0.124504
0.131536
0.137575
0.142664
0.116639
0.142622
0.134834
0.125737
0.114200
0.102475
0.093004
0.082911
0.073938
0.055053
0.051487
0.047704
0.044805
0.042329
0.039567
0.037334
0.035737
0.032792
0.028716
0.023983
0.018048
0.012028
0.004868
-0.003582
-0.011883
-0.019968
-0.028373
-0.037168
-0.045427
-0.052346
-0.056877
-0.056489
-0.052356
-0.047178
-0.040815
-0.032887
-0.024423
-0.016097
-0.007161
0.001931
0.010024
0.017990
0.025321
0.032118
0.037821
0.042776
0.046645
0.047723
0.047812
0.046751
0.043280
0.039197
0.035235
0.031379
0.021164
0.019476
0.017884
0.022087
0.017271
0.016406
0.019735
0.014575
0.014313
0.014059
0.012888
0.011493
0.010316
0.009478
0.008446
0.004971
0.006462
0.005039
0.004581
0.004006
0.004057
0.002707
0.002552
0.002146
0.002795
0.003289
0.003586
0.003733
0.003529
0.003463
0.003459
0.002326
0.002207
0.001994
0.001686
0.002349
0.001774
0.001795
0.001836
0.001931
0.001831
0.001773
0.001798
0.001833
0.002007
0.002230
0.002370
0.002485
0.002979
0.002454
0.002551
0.002423
0.002441
0.002132
0.001557
0.001188
0.000738
0.000370
-0.000062
-0.000504
-0.000896
-0.001298
-0.001393
-0.001514
-0.001646
-0.001404
-0.001242
-0.001044
-0.000708
-0.000630
-0.000376
-0.000222
-0.000071
-0.000051
-0.000073
0.000062
0.000105
0.000150
0.000152
0.000117
0.000156
0.000095
0.000084
0.000356
0.000488
0.000388
0.000265
0.000202
0.000129
0.000142
0.000234
0.000201
0.000100
0.000022
-0.000066
-0.000108
-0.000044
-0.000065
0.000058
0.000131
0.000032
0.000088
0.000121
0.000004
-0.000194
-0.000340
-0.000425
-0.000467
-0.000349
-0.000247
-0.000265
-0.000358
-0.000338
-0.000138
0.000066
0.000185
0.000416
0.000560
0.000664
0.000567
0.000262
0.000108
0.000025
-0.000015
0.000079
0.000168
0.000113
0.000426
0.000621
0.000745
0.000651
0.000460
0.000361
0.000318
0.000436
0.000489
0.000398
0.000190
-0.000007
-0.000081
-0.000280
0.000208
0.000401
0.000479
0.000408
0.000126
-0.000189
-0.000417
-0.000455
-0.000398
-0.000385
-0.000426
-0.000689
-0.000978
-0.000854
-0.000567
-0.000133
0.000063
-0.000065
-0.000127
0.000036
0.000295
0.000393
0.000275
0.000341
0.000474
0.000526
0.000225
0.000380
0.000601
0.000591
0.000734
0.000586
0.000232
-0.000042
0.000073
0.000077
0.000004
-0.000259
-0.000738
-0.000890
-0.000769
-0.000465
-0.000351
-0.000660
-0.000804
-0.000878
-0.000862
-0.000826
-0.000657
-0.000329
0.000027
0.000151
-0.000051
-0.000233
-0.000149
0.000275
0.000589
0.000599
0.000267
-0.000133
-0.000211
0.000152
0.000622
0.000753
0.000499
0.000110
-0.000241
-0.000217
0.000341
0.000827
0.000323
-0.000484
-0.000420
0.000347
0.000858
0.000379
-0.000467
-0.000620
-0.000104
0.000429
0.000138
-0.000664
-0.001170
-0.001006
-0.000491
-0.000271
0.000131
-0.000179
-0.000436
-0.000055
0.000312
0.000050
0.000221
0.000640
0.000102
0.000158
0.000042
-0.000121
0.000143
0.000522
0.000399
-0.000080
-0.001250
-0.004721
-0.009776
-0.015263
-0.022401
-0.031585
-0.040856
-0.049133
-0.058657
-0.068905
-0.080105
-0.092012
-0.103158
-0.113188
-0.121821
-0.129235
-0.135600
-0.141064
-0.145757
-0.119538
-0.152600
-0.155660
-0.126444
-0.127932
-0.129251
-0.130415
-0.351514
-0.142169
-0.124962
-0.088901
-0.160187
-0.129548
-0.088917
-0.062570
-0.050519
-0.032332
-0.033056
-0.033262
-0.034285
-0.036457
-0.038059
-0.039196
-0.038880
-0.036396
-0.032955
-0.027434
-0.020035
-0.012585
-0.005629
0.001868
0.010499
0.019708
0.028960
0.038152
0.046712
0.054886
0.062702
0.070793
0.078093
0.084929
0.114870
0.097999
0.102748
0.106952
0.082680
0.084378
0.141448
0.110772
0.081348
0.104261
0.119190
0.087720
0.082108
0.092650
0.083082
0.095417
0.078627
0.050229
0.045813
0.040105
0.027730
0.025882
0.024198
0.022276
0.020785
0.019659
0.019585
0.019527
0.018878
0.017920
0.016980
0.016328
0.015543
0.014246
0.012802
0.009825
0.005405
0.001452
-0.002361
-0.007182
-0.012082
-0.016527
-0.021319
-0.026090
-0.030641
-0.034569
-0.039348
-0.043700
-0.046563
-0.048940
-0.051715
-0.054200
-0.056224
-0.058733
-0.061329
-0.063597
-0.065264
-0.067003
-0.068952
-0.070601
-0.072171
-0.073437
-0.074693
-0.075651
-0.076609
-0.077807
-0.078777
-0.079548
-0.080048
-0.079818
-0.080171
-0.079651
-0.077796
-0.075147
-0.072378
-0.068446
-0.064208
-0.060358
-0.056630
-0.052317
-0.048310
-0.044199
-0.040360
-0.037460
-0.034626
-0.035007
-0.032393
-0.025843
-0.023118
-0.022777
-0.021151
-0.018798
-0.018335
-0.018018
-0.015849
-0.015050
-0.013999
-0.011073
-0.007708
-0.004590
-0.000150
0.005818
0.011819
0.017652
0.023553
0.030232
0.037155
0.043711
0.050067
0.055797
0.060880
0.081222
0.067591
0.067944
0.066290
0.063129
0.073746
0.054754
0.061784
0.044473
0.040764
0.037001
0.033371
0.031168
0.029871
0.027893
0.026372
0.025436
0.025268
0.025766
0.027405
0.030197
0.034021
0.038335
0.042951
0.047827
0.054142
0.061209
0.067240
0.071851
0.075618
0.078283
0.081005
0.061629
0.080551
0.094338
0.073834
0.070628
0.076409
0.052553
0.049409
0.045347
0.039330
0.034914
0.031958
0.028815
0.025727
0.022841
0.020280
0.018339
0.015886
0.012388
0.009080
0.005237
0.001102
-0.002541
-0.006018
-0.009494
-0.012973
-0.016645
-0.020546
-0.024423
-0.027228
-0.029864
-0.032405
-0.034858
-0.037160
-0.039193
-0.041159
-0.042799
-0.044417
-0.045469
-0.046373
-0.047186
-0.047858
-0.048394
-0.049387
-0.050503
-0.051326
-0.052105
-0.052812
-0.053114
-0.053632
-0.054295
-0.054840
-0.055362
-0.056042
-0.056800
-0.057473
-0.058084
-0.058662
-0.058813
-0.059071
-0.059285
-0.059542
-0.059587
-0.060027
-0.060665
-0.060443
-0.060268
-0.060086
-0.059206
-0.057652
-0.055926
-0.053358
-0.065316
-0.049222
-0.051215
-0.037010
-0.034805
-0.039141
-0.034887
-0.025913
-0.023438
-0.021556
-0.020284
-0.018169
-0.014879
-0.013452
-0.005828
-0.000744
0.004972
0.010817
0.021665
0.030672
0.040606
0.052470
0.064472
0.059584
0.084271
0.095355
0.106413
0.092081
0.097514
0.102320
0.133623
0.110705
0.113975
0.115619
0.141435
0.108596
0.104506
0.098712
0.113124
0.127429
0.121828
0.070505
0.074524
0.052132
0.045263
0.038668
0.034770
0.031776
0.027985
0.025133
0.024791
0.023989
0.022475
0.021746
0.020725
0.014269
0.013130
0.012206
0.011585
0.011271
0.011035
0.011003
0.010924
0.010619
0.010369
0.010132
0.009847
0.009493
0.009435
0.011919
0.010590
0.008639
0.007407
0.007374
0.006305
0.005302
0.004666
0.003905
0.003487
0.003227
0.002827
0.002309
0.002015
0.001616
0.001255
0.000848
0.000502
-0.001076
-0.005756
-0.011408
-0.013872
-0.019361
-0.025699
-0.031385
-0.036836
-0.043143
-0.063612
-0.074865
-0.085730
-0.076506
-0.105551
-0.115253
-0.123585
-0.130747
-0.109071
-0.141169
-0.144536
-0.115341
-0.112376
-0.130803
-0.119111
-0.107289
-0.096035
-0.086554
-0.078399
-0.057463
-0.053132
-0.049722
-0.046316
-0.043674
-0.041049
-0.038484
-0.036007
-0.034032
-0.032352
-0.029996
-0.027445
-0.025809
-0.018062
-0.022094
-0.015357
-0.014843
-0.014353
-0.013375
-0.012065
-0.010945
-0.010475
-0.010270
-0.009917
-0.012303
-0.011014
-0.009898
-0.008976
-0.008372
-0.008113
-0.007493
-0.007959
-0.007417
-0.005126
-0.004100
-0.004538
-0.004606
-0.003962
-0.003553
-0.004059
-0.003275
-0.002730
-0.001662
0.000280
0.004181
0.009851
0.017381
0.019862
0.025082
0.030260
0.045871
0.055673
0.066274
0.077391
0.088410
0.098795
0.108222
0.117405
0.125436
0.105367
0.109273
0.112669
0.143885
0.116152
0.113996
0.109286
0.127772
0.094342
0.149682
0.120845
0.071702
0.076079
0.068745
0.048895
0.042198
0.037679
0.034776
0.031507
0.028393
0.025906
0.025063
0.024309
0.022909
0.021660
0.020862
0.019696
0.013942
0.013577
0.013481
0.013319
0.012752
0.011996
0.011341
0.010761
0.010155
0.009673
0.009231
0.008774
0.008118
0.007189
0.008317
0.007383
0.006562
0.006115
0.005712
0.004687
0.004221
0.004037
0.003503
0.003099
0.002781
0.002356
0.002115
0.001805
0.001424
-0.000037
-0.002645
-0.006297
-0.009921
-0.014553
-0.019960
-0.025775
-0.040624
-0.039213
-0.056724
-0.066206
-0.077112
-0.088039
-0.099144
-0.109736
-0.118855
-0.126685
-0.106235
-0.138094
-0.114193
-0.115765
-0.141392
-0.133299
-0.122140
-0.110928
-0.101109
-0.092055
-0.084040
-0.061935
-0.057606
-0.053216
-0.050288
-0.047229
-0.043754
-0.040764
-0.038504
-0.036386
-0.033834
-0.031141
-0.028919
-0.027103
-0.025201
-0.023269
-0.021827
-0.020194
-0.013921
-0.012779
-0.011878
-0.011161
-0.010624
-0.009979
-0.009415
-0.008842
-0.010310
-0.009337
-0.008617
-0.008157
-0.007598
-0.007147
-0.007459
-0.006317
-0.004598
-0.004837
-0.004736
-0.003901
-0.003413
-0.003751
-0.002907
-0.002232
-0.001888
-0.000847
0.002030
0.006325
0.012374
0.019901
0.028042
0.036371
0.044732
0.054045
0.064991
0.075685
0.085867
0.096004
0.106050
0.115619
0.098519
0.103210
0.134795
0.140370
0.115778
0.117994
0.116626
0.138711
0.104060
0.097558
0.112195
0.084182
0.101951
0.107162
0.071339
0.048616
0.053690
0.045190
0.031531
0.028703
0.026410
0.025030
0.024327
0.023373
0.022146
0.021348
0.020744
0.019578
0.014139
0.013537
0.013031
0.012319
0.011636
0.011196
0.010979
0.010889
0.010808
0.010536
0.009618
0.008619
0.008032
0.009586
0.008368
0.007441
0.006517
0.005288
0.004977
0.004819
0.004456
0.004533
0.004073
0.003717
0.003571
0.003272
0.003033
0.002891
0.002631
0.002249
0.002035
0.001085
-0.001065
-0.006280
-0.011925
-0.014505
-0.020202
-0.026110
-0.031871
-0.037452
-0.055159
-0.065973
-0.077438
-0.089375
-0.101236
-0.111549
-0.120404
-0.128011
-0.134551
-0.140159
-0.115589
-0.116813
-0.142390
-0.132867
-0.122286
-0.110610
-0.099154
-0.089973
-0.081111
-0.059342
-0.055676
-0.052223
-0.049214
-0.046296
-0.042855
-0.039960
-0.037339
-0.034818
-0.032468
-0.030760
-0.028653
-0.026029
-0.024274
-0.017340
-0.016510
-0.015800
-0.014988
-0.014311
-0.013567
-0.016555
-0.011179
-0.010215
-0.009367
-0.008792
-0.008288
-0.010358
-0.009487
-0.008749
-0.008178
-0.007542
-0.007117
-0.007451
-0.006589
-0.004734
-0.004093
-0.004096
-0.003725
-0.003334
-0.002922
-0.002649
-0.002872
-0.001608
-0.000748
0.000620
0.002880
0.005971
0.010053
0.015103
0.020376
0.025811
0.031822
0.038343
0.057817
0.053977
0.060342
0.081951
0.087689
0.072571
0.072065
0.085805
0.079472
0.073384
0.065843
0.047222
0.043227
0.039303
0.035174
0.032699
0.030861
0.028430
0.026693
0.025226
0.023145
0.021317
0.020039
0.018434
0.016995
0.015730
0.014719
0.013512
0.012434
0.012026
0.012820
0.014371
0.016633
0.020698
0.025449
0.029862
0.034531
0.040055
0.046867
0.054523
0.061345
0.067295
0.072278
0.076063
0.078601
0.079741
0.079104
0.095713
0.093326
0.081827
0.057725
0.052656
0.047188
0.040349
0.035587
0.031689
0.026622
0.022864
0.021080
0.019142
0.016884
0.016039
0.015236
0.014524
0.010808
0.010852
0.011111
0.010872
0.009968
0.013771
0.010559
0.009741
0.008788
0.008171
0.007896
0.007226
0.006210
0.005165
0.002965
0.002657
0.002357
0.002101
0.002972
0.002865
0.002418
0.002930
0.002082
0.002371
0.002642
0.004233
0.003712
0.003063
0.001963
0.000752
0.000766
0.000757
0.000554
0.000384
0.000563
0.001143
0.001307
0.001117
0.001156
0.001408
0.001672
0.001506
0.000904
0.000656
0.000849
0.001174
0.001267
0.001079
0.000418
0.000459
0.000973
0.001046
0.000860
0.000565
-0.000017
-0.000464
-0.000602
-0.000254
0.000014
0.000017
-0.000244
-0.000154
0.000133
0.000058
0.000118
0.000167
-0.000041
0.000107
0.000274
0.000316
0.000563
0.001787
0.004289
0.007624
0.012578
0.018180
0.023644
0.029053
0.034329
0.039068
0.043115
0.046754
0.049491
0.049570
0.048961
0.047533
0.044889
0.041581
0.038533
0.035334
0.032256
0.030285
0.021891
0.021038
0.019996
0.019084
0.018405
0.017874
0.017344
0.016831
0.016216
0.015775
0.015644
0.015258
0.014928
0.014712
0.014296
0.009340
0.009212
0.009100
0.013419
0.012142
0.010782
0.009829
0.006165
0.006130
0.009179
0.008338
0.007445
0.006210
0.003435
0.003087
0.004222
0.003802
0.003392
0.001936
0.001579
0.001308
0.001976
0.001679
0.001897
0.002105
0.002217
0.002232
0.002254
0.002336
0.002439
0.002796
0.003114
0.003277
0.003368
0.003524
0.003678
0.003888
0.004084
0.004206
0.004269
0.004261
0.004321
0.004286
0.004461
0.004622
0.004740
0.004791
0.004789
0.004710
0.004748
0.004834
0.004920
0.005024
0.005212
0.005345
0.005283
0.005277
0.005341
0.005320
0.005265
0.005121
0.004790
0.004525
0.004310
0.004145
0.003940
0.003736
0.003441
0.003161
0.002961
0.002853
0.002727
0.002407
0.001964
0.001647
0.001561
0.001564
0.001660
0.001616
0.001428
0.001393
0.001507
0.001765
0.002018
0.002110
0.002247
0.002561
0.002913
0.003236
0.003422
0.003601
0.003823
0.004077
0.004337
0.004436
0.004344
0.004134
0.004050
0.004051
0.004078
0.004004
0.003856
0.003861
0.004063
0.004357
0.004490
0.004329
0.004093
0.004110
0.004274
0.004412
0.004321
0.004003
0.003821
0.003780
0.003698
0.003429
0.003034
0.002668
0.002425
0.002299
0.002093
0.001755
0.001554
0.001554
0.001720
0.001886
0.001855
0.001788
0.002006
0.002422
0.002833
0.002996
0.003045
0.003237
0.003484
0.003668
0.003700
0.003668
0.003665
0.003711
0.003834
0.003857
0.003704
0.003667
0.003711
0.003768
0.003725
0.003513
0.003327
0.003180
0.003110
0.003066
0.002922
0.002800
0.002729
0.002709
0.002744
0.002670
0.002631
0.002785
0.002961
0.003004
0.002981
0.003108
0.003316
0.003535
0.003554
0.003529
0.003583
0.003786
0.004051
0.004377
0.004698
0.005138
0.005556
0.005984
0.006366
0.006714
0.007102
0.007602
0.008164
0.008583
0.008844
0.009103
0.009422
0.009842
0.010337
0.010681
0.010938
0.011097
0.011185
0.011397
0.011811
0.012173
0.012275
0.012301
0.012298
0.012336
0.012462
0.012689
0.012822
0.012809
0.012815
0.012825
0.012863
0.012893
0.012958
0.012916
0.012852
0.012826
0.012902
0.012974
0.012825
0.012710
0.012666
0.012639
0.012612
0.012706
0.012791
0.012729
0.012762
0.012865
0.012880
0.012814
0.012849
0.019495
0.019366
0.019292
0.019172
0.019232
0.019485
0.019494
0.019349
0.019135
0.019247
0.019401
0.019227
0.018680
0.017800
0.017470
0.017768
0.017992
0.017705
0.016858
0.016125
0.016120
0.016203
0.021170
0.020590
0.019795
0.019162
0.018710
0.018296
0.017821
0.017143
0.016304
0.015760
0.019113
0.018299
0.017457
0.017066
0.016519
0.016091
0.015609
0.015217
0.015275
0.015577
0.015349
0.015246
0.015266
0.015180
0.016326
0.017053
0.017312
0.018630
0.021350
0.025114
0.024125
0.035894
0.043794
0.041985
0.048305
0.053889
0.074901
0.085472
0.096129
0.084526
0.090573
0.118661
0.122938
0.125437
0.123805
0.122800
0.123926
0.126971
0.132785
0.136135
0.134705
0.105408
0.099924
0.113112
0.098075
0.067791
0.072573
0.059087
0.046825
0.034054
0.020403
0.008874
-0.002717
-0.009338
-0.020931
-0.032796
-0.033511
-0.051026
-0.049273
-0.056930
-0.064912
-0.073372
-0.080945
-0.110520
-0.119525
-0.127256
-0.133896
-0.139600
-0.115175
-0.142498
-0.130395
-0.094751
-0.087365
-0.079723
-0.116935
-0.086669
-0.045259
-0.027239
-0.025726
-0.016145
-0.006057
0.001302
0.006391
0.012302
0.018262
0.024415
0.031580
0.038827
0.045129
0.065854
0.062248
0.070347
0.077826
0.084535
0.090297
0.118681
0.099720
0.103383
0.132478
0.135242
0.136852
0.109738
0.110280
0.134691
0.101805
0.095537
0.087858
0.095601
0.079479
0.052415
0.051340
0.030764
0.022365
0.013666
0.005231
-0.001966
-0.008549
-0.016678
-0.025529
-0.033561
-0.040863
-0.061633
-0.059604
-0.067698
-0.095937
-0.084796
-0.091063
-0.096608
-0.101517
-0.132372
-0.135632
-0.110806
-0.138046
-0.107590
-0.105311
-0.126001
-0.114515
-0.102243
-0.087276
-0.072142
-0.047869
-0.039937
-0.037879
-0.020859
-0.012968
-0.005084
0.002621
0.010099
0.017494
0.024837
0.031675
0.038089
0.044846
0.053004
0.060805
0.068452
0.075645
0.082807
0.089299
0.095046
0.100139
0.104641
0.108441
0.111312
0.114415
0.116609
0.143634
0.110779
0.104855
0.116354
0.081714
0.072941
0.078077
0.061485
0.047586
0.028346
0.019870
0.012923
0.006203
-0.001358
-0.008995
-0.016344
-0.023993
-0.031672
-0.039266
-0.046396
-0.052428
-0.042759
-0.044885
-0.045922
-0.061002
-0.060049
-0.057176
-0.040561
-0.038196
-0.036254
-0.034898
-0.033785
-0.033258
-0.033275
-0.033329
-0.033999
-0.035264
-0.036389
-0.036787
-0.036542
-0.035823
-0.033903
-0.030766
-0.027161
-0.022890
-0.018368
-0.013850
-0.008938
-0.003436
0.002090
0.007220
0.011920
0.015947
0.019367
0.021299
0.022157
0.022490
0.022145
0.019548
0.014650
0.009885
0.005677
0.001388
-0.002228
-0.005485
-0.007975
-0.009576
0.000000
0.000000
0.000000
0.000000
0.000000
0.000000
0.000000
0.000000
0.000000
0.000000
0.000000
0.000000
0.000000
0.000000
0.000000
0.000000
0.000000
0.000000
0.000000
0.000000
0.000000
0.000000
0.000000
0.000000
0.000000
0.000000
0.000000
0.000000
0.000000
0.000000
0.000000
0.000000
0.000000
0.000000
0.000000
0.000000
0.000000
0.000000
0.000000
0.000000
0.000000
0.000000
0.000000
0.000000
0.000000
0.000000
0.000000
0.000000
0.000000
0.000000
0.000000
0.000000
0.000000
0.000000
0.000000
0.000000
0.000000
0.000000
0.000000
0.000000
0.000000
0.000000
0.000000
0.000000
0.000000
0.000000
0.000000
0.000000
0.000000
0.000000
0.000000
0.000000
0.000000
0.000000
0.000000
0.000000
0.000000
0.000000
0.000000
0.000000
0.000000
0.000000
0.000000
0.000000
0.000000
0.000000
0.000000
0.000000
0.000000
0.000000
0.000000
0.000000
0.000000
0.000000
0.000000
0.000000
0.000000
0.000000
0.000000
0.000000
0.000000
0.000000
0.000000
0.000000
0.000000
0.000000
0.000000
0.000000
0.000000
0.000000
0.000000
0.000000
0.000000
0.000000
0.000000
0.000000
0.000000
0.000000
0.000000
0.000000
0.000000
0.000000
0.000000
0.000000
0.000000
0.000000
0.000000
0.000000
0.000000
0.000000
0.000000
0.000000
0.000000
0.000000
0.000000
0.000000
0.000000
0.000000
0.000000
0.000000
0.000000
0.000000
0.000000
0.000000
0.000000
0.000000
0.000000
0.000000
0.000000
0.000000
0.000000
0.000000
0.000000
0.000000
0.000000
0.000000
0.000000
0.000000
0.000000
0.000000
0.000000
0.000000
0.000000
0.000000
0.000000
0.000000
0.000000
0.000000
0.000000
0.000000
0.000000
0.000000
0.000000
0.000000
0.000000
0.000000
0.000000
0.000000
0.000000
0.000000
0.000000
0.000000
0.000000
0.000000
0.000000
0.000000
0.000000
0.000000
0.000000
0.000000
0.000000
0.000000
0.000000
0.000000
0.000000
0.000000
0.000000
0.000000
0.000000
0.000000
0.000000
0.000000
0.000000
0.000000
0.000000
0.000000
0.000000
0.000000
0.000000
0.000000
0.000000
0.000000
0.000000
0.000000
0.000000
0.000000
0.000000
0.000000
0.000000
0.000000
0.000000
0.000000
0.000000
0.000000
0.000000
0.000000
0.000000
0.000000
0.000000
0.000000
0.000000
0.000000
0.000000
0.000000
0.000000
0.000000
0.000000
0.000000
0.000000
0.000000
0.000000
0.000000
0.000000
0.000000
0.000000
0.000000
0.000000
0.000000
0.000000
0.000000
0.000000
0.000000
0.000000
0.000000
0.000000
0.000000
0.000000
0.000000
0.000000
0.000000
0.000000
0.000000
0.000000
0.000000
0.000000
0.000000
0.000000
0.000000
0.000000
0.000000
0.000000
0.000000
0.000000
0.000000
0.000000
0.000000
0.000000
0.000000
0.000000
0.000000
0.000000
0.000000
0.000000
0.000000
0.000000
0.000000
0.000000
0.000000
0.000000
0.000000
0.000000
0.000000
0.000000
0.000000
0.000000
0.000000
0.000000
0.000000
0.000000
0.000000
0.000000
0.000000
0.000000
0.000000
0.000000
0.000000
0.000000
0.000000
0.000000
0.000000
0.000000
0.000000
0.000000
0.000000
0.000000
0.000000
0.000000
0.000000
0.000000
0.000000
0.000000
0.000000
0.000000
0.000000
0.000000
0.000000
0.000000
0.000000
0.000000
0.000000
0.000000
0.000000
0.000000
0.000000
0.000000
0.000000
0.000000
0.000000
0.000000
0.000000
0.000000
0.000000
0.000000
0.000000
0.000000
0.000000
0.000000
0.000000
0.000000
0.000000
0.000000
0.000000
0.000000
0.000000
0.000000
0.000000
0.000000
0.000000
0.000000
0.000000
0.000000
0.000000
0.000000
0.000000
0.000000
0.000000
0.000000
0.000000
0.000000
0.000000
0.000000
0.000000
0.000000
0.000000
0.000000
0.000000
0.000000
0.000000
0.000000
0.000000
0.000000
0.000000
0.000000
0.000000
0.000000
0.000000
0.000000
0.000000
0.000000
0.000000
0.000000
0.000000
0.000000
0.000000
0.000000
0.000000
0.000000
0.000000
0.000000
0.000000
0.000000
0.000000
0.000000
0.000000
0.000000
0.000000
0.000000
0.000000
0.000000
0.000000
0.000000
0.000000
0.000000
0.000000
0.000000
0.000000
0.000000
0.000000
0.000000
0.000000
0.000000
0.000000
0.000000
0.000000
0.000000
0.000000
0.000000
0.000000
0.000000
0.000000
0.000000
0.000000
0.000000
0.000000
0.000000
0.000000
0.000000
0.000000
0.000000
0.000000
0.000000
0.000000
0.000000
0.000000
0.000000
0.000000
0.000000
0.000000
0.000000
0.000000
0.000000
0.000000
0.000000
0.000000
0.000000
0.000000
0.000000
0.000000
0.000000
0.000000
0.000000
0.000000
0.000000
0.000000
0.000000
0.000000
0.000000
0.000000
0.000000
0.000000
0.000000
0.000000
0.000000
0.000000
0.000000
0.000000
0.000000
0.000000
0.000000
0.000000
0.000000
0.000000
0.000000
0.000000
0.000000
0.000000
0.000000
0.000000
0.000000
0.000000
0.000000
0.000000
0.000000
0.000000
0.000000
0.000000
0.000000
0.000000
0.000000
0.000000
0.000000
0.000000
0.000000
0.000000
0.000000
0.000000
0.000000
0.000000
0.000000
0.000000
0.000000
0.000000
0.000000
0.000000
0.000000
0.000000
0.000000
0.000000
0.000000
0.000000
0.000000
0.000000
0.000000
0.000000
0.000000
0.000000
0.000000
0.000000
0.000000
0.000000
0.000000
0.000000
0.000000
0.000000
0.000000
0.000000
0.000000
0.000000
0.000000
0.000000
0.000000
0.000000
0.000000
0.000000
0.000000
0.000000
0.000000
0.000000
0.000000
0.000000
0.000000
0.000000
0.000000
0.000000
0.000000
0.000000
0.000000
0.000000
0.000000
0.000000
0.000000
0.000000
0.000000
0.000000
0.000000
0.000000
0.000000
0.000000
0.000000
0.000000
0.000000
0.000000
0.000000
0.000000
0.000000
0.000000
0.000000
0.000000
0.000000
0.000000
0.000000
0.000000
0.000000
0.000000
0.000000
0.000000
0.000000
0.000000
0.000000
0.000000
0.000000
0.000000
0.000000
0.000000
0.000000
0.000000
0.000000
0.000000
0.000000
0.000000
0.000000
0.000000
0.000000
0.000000
0.000000
0.000000
0.000000
0.000000
0.000000
0.000000
0.000000
0.000000
0.000000
0.000000
0.000000
0.000000
0.000000
0.000000
0.000000
0.000000
0.000000
0.000000
0.000000
0.000000
0.000000
0.000000
0.000000
0.000000
0.000000
0.000000
0.000000
0.000000
0.000000
0.000000
0.000000
0.000000
0.000000
0.000000
0.000000
0.000000
0.000000
0.000000
0.000000
0.000000
0.000000
0.000000
0.000000
0.000000
0.000000
0.000000
0.000000
0.000000
0.000000
0.000000
0.000000
0.000000
0.000000
0.000000
0.000000
0.000000
0.000000
0.000000
0.000000
0.000000
0.000000
0.000000
0.000000
0.000000
0.000000
0.000000
0.000000
0.000000
0.000000
0.000000
0.000000
0.000000
0.000000
0.000000
0.000000
0.000000
0.000000
0.000000
0.000000
0.000000
0.000000
0.000000
0.000000
0.000000
0.000000
0.000000
0.000000
0.000000
0.000000
0.000000
0.000000
0.000000
0.000000
0.000000
0.000000
0.000000
0.000000
0.000000
0.000000
0.000000
0.000000
0.000000
0.000000
0.000000
0.000000
0.000000
0.000000
0.000000
0.000000
0.000000
0.000000
0.000000
0.000000
0.000000
0.000000
0.000000
0.000000
0.000000
0.000000
0.000000
0.000000
0.000000
0.000000
0.000000
0.000000
0.000000
0.000000
0.000000
0.000000
0.000000
0.000000
0.000000
0.000000
0.000000
0.000000
0.000000
0.000000
0.000000
0.000000
0.000000
0.000000
0.000000
0.000000
0.000000
0.000000
0.000000
0.000000
0.000000
0.000000
0.000000
0.000000
0.000000
0.000000
0.000000
0.000000
0.000000
0.000000
0.000000
0.000000
0.000000
0.000000
0.000000
0.000000
0.000000
0.000000
0.000000
0.000000
0.000000
0.000000
0.000000
0.000000
0.000000
0.000000
0.000000
0.000000
0.000000
0.000000
0.000000
0.000000
0.000000
0.000000
0.000000
0.000000
0.000000
0.000000
0.000000
0.000000
0.000000
0.000000
0.000000
0.000000
0.000000
0.000000
0.000000
0.000000
0.000000
0.000000
0.000000
0.000000
0.000000
0.000000
0.000000
0.000000
0.000000
0.000000
0.000000
0.000000
0.000000
0.000000
0.000000
0.000000
0.000000
0.000000
0.000000
0.000000
0.000000
0.000000
0.000000
0.000000
0.000000
0.000000
0.000000
0.000000
0.000000
0.000000
0.000000
0.000000
0.000000
0.000000
0.000000
0.000000
0.000000
0.000000
0.000000
0.000000
0.000000
0.000000
0.000000
0.000000
0.000000
0.000000
0.000000
0.000000
0.000000
0.000000
0.000000
0.000000
0.000000
0.000000
0.000000
0.000000
0.000000
0.000000
0.000000
0.000000
0.000000
0.000000
0.000000
0.000000
0.000000
0.000000
0.000000
0.000000
0.000000
0.000000
0.000000
0.000000
0.000000
0.000000
0.000000
0.000000
0.000000
0.000000
0.000000
0.000000
0.000000
0.000000
0.000000
0.000000
0.000000
0.000000
0.000000
0.000000
0.000000
0.000000
0.000000
0.000000
0.000000
0.000000
0.000000
0.000000
0.000000
0.000000
0.000000
0.000000
0.000000
0.000000
0.000000
0.000000
0.000000
0.000000
0.000000
0.000000
0.000000
0.000000
0.000000
0.000000
0.000000
0.000000
0.000000
0.000000
0.000000
0.000000
0.000000
0.000000
0.000000
0.000000
0.000000
0.000000
0.000000
0.000000
0.000000
0.000000
0.000000
0.000000
0.000000
0.000000
0.000000
0.000000
0.000000
0.000000
0.000000
0.000000
0.000000
0.000000
0.000000
0.000000
0.000000
0.000000
0.000000
0.000000
0.000000
0.000000
0.000000
0.000000
0.000000
0.000000
0.000000
0.000000
0.000000
0.000000
0.000000
0.000000
0.000000
0.000000
0.000000
0.000000
0.000000
0.000000
0.000000
0.000000
0.000000
0.000000
0.000000
0.000000
0.000000
0.000000
0.000000
0.000000
0.000000
0.000000
0.000000
0.000000
0.000000
0.000000
0.000000
0.000000
0.000000
0.000000
0.000000
0.000000
0.000000
0.000000
0.000000
0.000000
0.000000
0.000000
0.000000
0.000000
0.000000
0.000000
0.000000
0.000000
0.000000
0.000000
0.000000
0.000000
0.000000
0.000000
0.000000
0.000000
0.000000
0.000000
0.000000
0.000000
0.000000
0.000000
0.000000
0.000000
0.000000
0.000000
0.000000
0.000000
0.000000
0.000000
0.000000
0.000000
0.000000
0.000000
0.000000
0.000000
0.000000
0.000000
0.000000
0.000000
0.000000
0.000000
0.000000
0.000000
0.000000
0.000000
0.000000
0.000000
0.000000
0.000000
0.000000
0.000000
0.000000
0.000000
0.000000
0.000000
0.000000
0.000000
0.000000
0.000000
0.000000
0.000000
0.000000
0.000000
0.000000
0.000000
0.000000
0.000000
0.000000
0.000000
0.000000
0.000000
0.000000
0.000000
0.000000
0.000000
0.000000
0.000000
0.000000
0.000000
0.000000
0.000000
0.000000
0.000000
0.000000
0.000000
0.000000
0.000000
0.000000
0.000000
0.000000
0.000000
0.000000
0.000000
0.000000
0.000000
0.000000
0.000000
0.000000
0.000000
0.000000
0.000000
0.000000
0.000000
0.000000
0.000000
0.000000
0.000000
0.000000
0.000000
0.000000
0.000000
0.000000
0.000000
0.000000
0.000000
0.000000
0.000000
0.000000
0.000000
0.000000
0.000000
0.000000
0.000000
0.000000
0.000000
0.000000
0.000000
0.000000
0.000000
0.000000
0.000000
0.000000
0.000000
0.000000
0.000000
0.000000
0.000000
0.000000
0.000000
0.000000
0.000000
0.000000
0.000000
0.000000
0.000000
0.000000
0.000000
0.000000
0.000000
0.000000
0.000000
0.000000
0.000000
0.000000
0.000000
0.000000
0.000000
0.000000
0.000000
0.000000
0.000000
0.000000
0.000000
0.000000
0.000000
0.000000
0.000000
0.000000
0.000000
0.000000
0.000000
0.000000
0.000000
0.000000
0.000000
0.000000
0.000000
0.000000
0.000000
0.000000
0.000000
0.000000
0.000000
0.000000
0.000000
0.000000
0.000000
0.000000
0.000000
0.000000
0.000000
0.000000
0.000000
0.000000
0.000000
0.000000
0.000000
0.000000
0.000000
0.000000
0.000000
0.000000
0.000000
0.000000
0.000000
0.000000
0.000000
0.000000
0.000000
0.000000
0.000000
0.000000
0.000000
0.000000
0.000000
0.000000
0.000000
0.000000
0.000000
0.000000
0.000000
0.000000
0.000000
0.000000
0.000000
0.000000
0.000000
0.000000
0.000000
0.000000
0.000000
0.000000
0.000000
0.000000
0.000000
0.000000
0.000000
0.000000
0.000000
0.000000
0.000000
0.000000
0.000000
0.000000
0.000000
0.000000
0.000000
0.000000
0.000000
0.000000
0.000000
0.000000
0.000000
0.000000
0.000000
0.000000
0.000000
0.000000
0.000000
0.000000
0.000000
0.000000
0.000000
0.000000
0.000000
0.000000
0.000000
0.000000
0.000000
0.000000
0.000000
0.000000
0.000000
0.000000
0.000000
0.000000
0.000000
0.000000
0.000000
0.000000
0.000000
0.000000
0.000000
0.000000
0.000000
0.000000
0.000000
0.000000
0.000000
0.000000
0.000000
0.000000
0.000000
0.000000
0.000000
0.000000
0.000000
0.000000
0.000000
0.000000
0.000000
0.000000
0.000000
0.000000
0.000000
0.000000
0.000000
0.000000
0.000000
0.000000
0.000000
0.000000
0.000000
0.000000
0.000000
0.000000
0.000000
0.000000
0.000000
0.000000
0.000000
0.000000
0.000000
0.000000
0.000000
0.000000
0.000000
0.000000
0.000000
0.000000
0.000000
0.000000
0.000000
0.000000
0.000000
0.000000
0.000000
0.000000
0.000000
0.000000
0.000000
0.000000
0.000000
0.000000
0.000000
0.000000
0.000000
0.000000
0.000000
0.000000
0.000000
0.000000
0.000000
0.000000
0.000000
0.000000
0.000000
0.000000
0.000000
0.000000
0.000000
0.000000
0.000000
0.000000
0.000000
0.000000
0.000000
0.000000
0.000000
0.000000
0.000000
0.000000
0.000000
0.000000
0.000000
0.000000
0.000000
0.000000
0.000000
0.000000
0.000000
0.000000
0.000000
0.000000
0.000000
0.000000
0.000000
0.000000
0.000000
0.000000
0.000000
0.000000
0.000000
0.000000
0.000000
0.000000
0.000000
0.000000
0.000000
0.000000
0.000000
0.000000
0.000000
0.000000
0.000000
0.000000
0.000000
0.000000
0.000000
0.000000
0.000000
0.000000
0.000000
0.000000
0.000000
0.000000
0.000000
0.000000
0.000000
0.000000
0.000000
0.000000
0.000000
0.000000
0.000000
0.000000
0.000000
0.000000
0.000000
0.000000
0.000000
0.000000
0.000000
0.000000
0.000000
0.000000
0.000000
0.000000
0.000000
0.000000
0.000000
0.000000
0.000000
0.000000
0.000000
0.000000
0.000000
0.000000
0.000000
0.000000
0.000000
0.000000
0.000000
0.000000
0.000000
0.000000
0.000000
0.000000
0.000000
0.000000
0.000000
0.000000
0.000000
0.000000
0.000000
0.000000
0.000000
0.000000
0.000000
0.000000
0.000000
0.000000
0.000000
0.000000
0.000000
0.000000
0.000000
0.000000
0.000000
0.000000
0.000000
0.000000
0.000000
0.000000
0.000000
0.000000
0.000000
0.000000
0.000000
0.000000
0.000000
0.000000
0.000000
0.000000
0.000000
0.000000
0.000000
0.000000
0.000000
0.000000
0.000000
0.000000
0.000000
0.000000
0.000000
0.000000
0.000000
0.000000
0.000000
0.000000
0.000000
0.000000
0.000000
0.000000
0.000000
0.000000
0.000000
0.000000
0.000000
0.000000
0.000000
0.000000
0.000000
0.000000
0.000000
0.000000
0.000000
0.000000
0.000000
0.000000
0.000000
0.000000
0.000000
0.000000
0.000000
0.000000
0.000000
0.000000
0.000000
0.000000
0.000000
0.000000
0.000000
0.000000
0.000000
0.000000
0.000000
0.000000
0.000000
0.000000
0.000000
0.000000
0.000000
0.000000
0.000000
0.000000
0.000000
0.000000
0.000000
0.000000
0.000000
0.000000
0.000000
0.000000
0.000000
0.000000
0.000000
0.000000
0.000000
0.000000
0.000000
0.000000
0.000000
0.000000
0.000000
0.000000
0.000000
0.000000
0.000000
0.000000
0.000000
0.000000
0.000000
0.000000
0.000000
0.000000
0.000000
0.000000
0.000000
0.000000
0.000000
0.000000
0.000000
0.000000
0.000000
0.000000
0.000000
0.000000
0.000000
0.000000
0.000000
0.000000
0.000000
0.000000
0.000000
0.000000
0.000000
0.000000
0.000000
0.000000
0.000000
0.000000
0.000000
0.000000
0.000000
0.000000
0.000000
0.000000
0.000000
0.000000
0.000000
0.000000
0.000000
0.000000
0.000000
0.000000
0.000000
0.000000
0.000000
0.000000
0.000000
0.000000
0.000000
0.000000
0.000000
0.000000
0.000000
0.000000
0.000000
0.000000
0.000000
0.000000
0.000000
0.000000
0.000000
0.000000
0.000000
0.000000
0.000000
0.000000
0.000000
0.000000
0.000000
0.000000
0.000000
0.000000
0.000000
0.000000
0.000000
0.000000
0.000000
0.000000
0.000000
0.000000
0.000000
0.000000
0.000000
0.000000
0.000000
0.000000
0.000000
0.000000
0.000000
0.000000
0.000000
0.000000
0.000000
0.000000
0.000000
0.000000
0.000000
