2.678762
2.862983
2.853923
2.974724
2.887144
2.929424
3.038145
2.760303
2.878083
2.920364
2.660642
2.705942
2.545881
2.684802
2.579101
2.663662
2.600241
2.521721
2.772383
2.790503
3.285787
2.995864
3.932072
3.530409
4.496817
3.989453
4.092134
4.104214
3.980392
4.741439
4.442456
4.681038
4.101193
4.182734
3.645170
3.744831
3.207266
3.216326
2.781443
2.808623
2.687822
2.524741
2.606281
2.573061
2.434140
2.579101
2.467360
2.630441
2.564001
2.687822
2.403940
2.512661
2.358639
2.639502
2.711982
2.856943
3.183106
3.080425
3.273707
3.482089
3.614969
4.161594
4.173674
4.203874
4.816939
4.738419
5.321283
5.236723
5.327323
5.197463
5.955489
6.212191
5.876968
5.919249
6.188031
5.807508
5.448124
5.466245
5.179342
5.408864
4.946800
4.674998
5.001161
4.714259
4.853179
4.792779
4.505877
5.197463
4.871300
4.717278
4.376016
4.067973
4.194814
3.717650
3.648190
3.267667
3.201226
2.739162
2.618361
2.585141
2.440180
2.406960
2.579101
2.455280
2.464340
2.506620
2.506620
2.579101
2.702922
2.977744
3.065325
3.451888
4.185754
3.633090
4.810899
3.775031
5.765227
5.061562
4.463596
6.064209
5.043441
5.152162
5.662546
5.973609
5.883008
5.777307
5.747107
7.009477
6.843376
6.680295
6.589694
6.598754
6.471913
6.580634
6.634994
7.163498
7.060818
7.133298
7.148398
7.202759
7.248059
7.263159
7.320540
7.293360
7.320540
7.317520
7.021557
7.217859
7.211819
7.130278
7.145379
7.078938
7.075918
6.976257
7.057797
6.846396
6.547413
6.197091
5.710866
5.466245
5.028341
4.832039
4.403196
3.977372
3.889792
3.790131
3.536449
3.231426
2.748222
2.548901
2.560981
2.413000
2.406960
2.280119
2.289179
2.416020
2.379779
2.310319
2.485480
2.331459
2.440180
2.319379
2.455280
2.355619
2.373739
2.219718
2.379779
2.313339
2.198578
2.440180
2.464340
2.488500
2.796543
2.715002
2.696882
2.609301
2.690842
2.844863
2.793523
2.757282
3.001904
2.672722
2.866004
2.862983
2.938484
2.905264
3.047205
3.086465
3.503229
2.678762
4.158574
3.808251
3.886772
4.418296
5.143102
4.179714
4.859220
5.735027
4.977001
5.007201
6.230311
5.448124
5.662546
6.230311
6.206151
6.459833
6.471913
6.100450
6.055150
6.559494
6.710495
6.985317
7.048738
6.399432
6.789015
6.876596
6.985317
6.867536
6.843376
6.852436
7.094038
7.060818
7.181619
7.087998
7.305439
7.423221
7.024578
7.118198
6.628954
6.154810
5.861868
5.523625
5.303164
4.865260
4.699158
4.185754
3.962272
3.542489
3.119685
3.023045
2.763323
2.579101
2.506620
2.343539
2.364679
2.413000
2.252939
2.391860
2.364679
2.331459
2.379779
2.289179
2.337499
2.277099
2.313339
2.721042
2.334479
3.068345
-0.211402
1.854295
2.020396
1.673094
2.228778
1.950936
2.600241
2.850903
2.639502
3.077405
2.929424
2.950564
2.859963
2.745203
2.778423
2.859963
2.557961
3.373368
2.044557
2.769363
3.056265
1.790875
1.842215
2.132138
2.476420
3.116665
2.705942
2.974724
3.001904
2.983784
2.884124
2.983784
2.817683
2.796543
2.693862
2.609301
2.618361
2.621382
2.624401
2.609301
2.567021
2.479440
2.551921
2.564001
2.603261
2.621382
2.727082
2.711982
3.020025
2.751242
2.787483
2.739162
2.609301
2.536821
2.606281
2.657622
2.609301
2.612321
2.524741
2.702922
2.585141
2.527761
2.702922
2.548901
2.419040
2.446220
2.570041
2.633461
2.657622
2.597221
2.594201
2.702922
2.956604
2.630441
3.494169
2.965664
2.020396
2.808623
2.811643
2.760303
2.651582
2.926404
2.983784
2.793523
2.896204
2.844863
2.772383
2.739162
2.651582
2.760303
2.606281
2.702922
2.687822
2.660642
2.530781
2.663662
2.621382
2.630441
2.724062
2.793523
3.077405
2.730102
2.699902
2.361659
2.944524
2.482460
2.452260
2.557961
2.455280
2.564001
2.551921
2.524741
2.570041
2.476420
2.400920
2.612321
2.476420
2.884124
2.512661
2.696882
1.461692
2.050597
2.479440
2.724062
3.047205
3.171026
3.219346
3.781071
3.367327
3.799191
3.418668
3.294847
3.056265
3.032105
2.733122
2.802583
2.564001
2.542861
2.539841
2.509640
2.588161
2.527761
2.485480
2.391860
2.349579
2.413000
2.675742
2.428100
2.413000
2.249918
2.277099
2.576081
2.814663
2.808623
2.893184
3.080425
3.128746
3.207266
3.560609
3.442828
3.101565
2.724062
2.859963
2.814663
2.612321
2.554941
2.482460
2.437160
2.440180
2.518701
2.479440
2.491520
2.473400
2.228778
2.431120
2.521721
2.953584
2.841843
2.684802
2.597221
1.464712
1.887515
2.591181
2.654602
2.687822
3.080425
3.439808
3.267667
3.880732
3.548529
3.542489
3.092505
2.899224
2.980764
2.730102
2.657622
2.733122
2.461320
2.582121
2.594201
2.527761
2.449240
2.470380
2.470380
2.467360
2.373739
2.570041
2.364679
2.252939
2.147238
2.497561
2.841843
2.938484
3.101565
2.953584
3.246526
3.300887
3.569669
3.699530
3.451888
3.131766
3.086465
2.799563
2.645542
2.506620
2.452260
2.458300
2.485480
2.524741
2.491520
2.416020
2.455280
2.473400
2.446220
2.609301
2.379779
3.101565
2.286159
2.736142
1.896575
2.095897
2.428100
2.582121
2.790503
2.881104
3.035125
3.240486
3.418668
3.762951
3.675370
3.346187
3.231426
2.926404
2.787483
2.805603
2.512661
2.503600
2.530781
2.425080
2.630441
2.521721
2.455280
2.470380
2.500581
2.506620
2.328439
2.545881
2.292199
2.443200
2.147238
2.422060
2.802583
2.841843
2.775403
2.929424
2.926404
3.693490
3.312967
3.497189
3.216326
3.143846
2.805603
2.721042
2.699902
2.654602
2.621382
2.536821
2.551921
2.491520
2.585141
2.518701
2.458300
2.449240
2.663662
2.443200
2.416020
2.515681
2.639502
2.539841
2.666682
2.612321
2.551921
2.711982
2.594201
2.663662
2.754262
2.932444
2.708962
2.989825
2.621382
2.135157
2.397900
2.950564
2.684802
2.956604
2.784463
3.143846
3.457928
3.210286
3.454908
4.388096
3.787111
4.756539
4.741439
4.246155
5.420944
4.536077
4.696138
4.539097
4.354876
4.143474
3.883752
3.536449
3.228406
3.171026
2.938484
3.023045
2.959624
2.890164
2.890164
2.850903
2.899224
2.790503
2.811643
2.630441
2.796543
3.068345
3.213306
3.400548
3.554569
4.131394
3.883752
4.958880
3.995493
5.046461
5.275983
4.765599
5.701807
5.426984
5.529665
5.179342
5.849788
6.055150
6.018909
5.786367
6.257491
6.562514
6.477953
6.813176
6.544394
6.776936
6.625934
6.728615
6.828276
7.184639
6.882636
7.081958
7.148398
7.084978
7.027597
7.045718
7.130278
7.196719
7.172559
7.166519
6.456813
6.178970
6.055150
5.886028
5.786367
5.804487
5.532685
5.523625
5.499465
5.399804
5.372624
5.617246
5.372624
5.001161
4.886400
4.578357
4.234075
4.058913
3.802211
3.624030
3.258607
2.941504
2.594201
2.606281
2.458300
2.388839
2.473400
2.397900
2.346559
2.343539
2.406960
2.376760
2.268039
2.422060
2.627421
2.458300
2.675742
2.606281
2.542861
2.265018
2.156298
2.295219
2.219718
2.265018
3.337127
2.403940
2.035497
2.503600
2.249918
2.518701
2.515681
2.576081
2.506620
2.551921
2.497561
2.355619
2.337499
2.156298
2.724062
1.455652
1.452632
2.542861
2.352599
2.533801
2.539841
2.699902
2.150258
2.769363
2.582121
2.594201
2.246898
2.337499
2.506620
2.654602
2.265018
2.518701
2.654602
2.808623
2.690842
2.733122
2.609301
2.515681
2.708962
2.440180
2.416020
2.651582
2.159318
2.500581
2.491520
2.452260
2.455280
2.669702
2.428100
2.597221
2.642522
2.479440
2.856943
2.440180
2.881104
2.494540
1.721414
3.174046
2.497561
2.693862
2.908284
2.808623
2.941504
3.038145
3.753891
3.023045
4.055893
3.424708
3.355247
3.672350
3.611949
3.907912
3.714630
4.119314
3.563629
3.929052
3.772011
3.938112
0.000000
0.000000
0.000000
0.000000
0.000000
0.000000
0.000000
0.000000
0.000000
0.000000
0.000000
0.000000
0.000000
0.000000
0.000000
0.000000
0.000000
0.000000
0.000000
0.000000
0.000000
0.000000
0.000000
0.000000
0.000000
0.000000
0.000000
0.000000
0.000000
0.000000
0.000000
0.000000
0.000000
0.000000
0.000000
0.000000
0.000000
0.000000
0.000000
0.000000
0.000000
0.000000
0.000000
0.000000
0.000000
0.000000
0.000000
0.000000
0.000000
0.000000
0.000000
0.000000
0.000000
0.000000
0.000000
0.000000
0.000000
0.000000
0.000000
0.000000
0.000000
0.000000
0.000000
0.000000
0.000000
0.000000
0.000000
0.000000
0.000000
0.000000
0.000000
0.000000
0.000000
0.000000
0.000000
0.000000
0.000000
0.000000
0.000000
0.000000
0.000000
0.000000
0.000000
0.000000
0.000000
0.000000
0.000000
0.000000
0.000000
0.000000
0.000000
0.000000
0.000000
0.000000
0.000000
0.000000
0.000000
0.000000
0.000000
0.000000
0.000000
0.000000
0.000000
0.000000
0.000000
0.000000
0.000000
0.000000
0.000000
0.000000
0.000000
0.000000
0.000000
0.000000
0.000000
0.000000
0.000000
0.000000
0.000000
0.000000
0.000000
0.000000
0.000000
0.000000
0.000000
0.000000
0.000000
0.000000
0.000000
0.000000
0.000000
0.000000
0.000000
0.000000
0.000000
0.000000
0.000000
0.000000
0.000000
0.000000
0.000000
0.000000
0.000000
0.000000
0.000000
0.000000
0.000000
0.000000
0.000000
0.000000
0.000000
0.000000
0.000000
0.000000
0.000000
0.000000
0.000000
0.000000
0.000000
0.000000
0.000000
0.000000
0.000000
0.000000
0.000000
0.000000
0.000000
0.000000
0.000000
0.000000
0.000000
0.000000
0.000000
0.000000
0.000000
0.000000
0.000000
0.000000
0.000000
0.000000
0.000000
0.000000
0.000000
0.000000
0.000000
0.000000
0.000000
0.000000
0.000000
0.000000
0.000000
0.000000
0.000000
0.000000
0.000000
0.000000
0.000000
0.000000
0.000000
0.000000
0.000000
0.000000
0.000000
0.000000
0.000000
0.000000
0.000000
0.000000
0.000000
0.000000
0.000000
0.000000
0.000000
0.000000
0.000000
0.000000
0.000000
0.000000
0.000000
0.000000
0.000000
0.000000
0.000000
0.000000
0.000000
0.000000
0.000000
0.000000
0.000000
0.000000
0.000000
0.000000
0.000000
0.000000
0.000000
0.000000
0.000000
0.000000
0.000000
0.000000
0.000000
0.000000
0.000000
0.000000
0.000000
0.000000
0.000000
0.000000
0.000000
0.000000
0.000000
0.000000
0.000000
0.000000
0.000000
0.000000
0.000000
0.000000
0.000000
0.000000
0.000000
0.000000
0.000000
0.000000
0.000000
0.000000
0.000000
0.000000
0.000000
0.000000
0.000000
0.000000
0.000000
0.000000
0.000000
0.000000
0.000000
0.000000
0.000000
0.000000
0.000000
0.000000
0.000000
0.000000
0.000000
0.000000
0.000000
0.000000
0.000000
0.000000
0.000000
0.000000
0.000000
0.000000
0.000000
0.000000
0.000000
0.000000
0.000000
0.000000
0.000000
0.000000
0.000000
0.000000
0.000000
0.000000
0.000000
0.000000
0.000000
0.000000
0.000000
0.000000
0.000000
0.000000
0.000000
0.000000
0.000000
0.000000
0.000000
0.000000
0.000000
0.000000
0.000000
0.000000
0.000000
0.000000
0.000000
0.000000
0.000000
0.000000
0.000000
0.000000
0.000000
0.000000
0.000000
0.000000
0.000000
0.000000
0.000000
0.000000
0.000000
0.000000
0.000000
0.000000
0.000000
0.000000
0.000000
0.000000
0.000000
0.000000
0.000000
0.000000
0.000000
0.000000
0.000000
0.000000
0.000000
0.000000
0.000000
0.000000
0.000000
0.000000
0.000000
0.000000
0.000000
0.000000
0.000000
0.000000
0.000000
0.000000
0.000000
0.000000
0.000000
0.000000
0.000000
0.000000
0.000000
0.000000
0.000000
0.000000
0.000000
0.000000
0.000000
0.000000
0.000000
0.000000
0.000000
0.000000
0.000000
0.000000
0.000000
0.000000
0.000000
0.000000
0.000000
0.000000
0.000000
0.000000
0.000000
0.000000
0.000000
0.000000
0.000000
0.000000
0.000000
0.000000
0.000000
0.000000
0.000000
0.000000
0.000000
0.000000
0.000000
0.000000
0.000000
0.000000
0.000000
0.000000
0.000000
0.000000
0.000000
0.000000
0.000000
0.000000
0.000000
0.000000
0.000000
0.000000
0.000000
0.000000
0.000000
0.000000
0.000000
0.000000
0.000000
0.000000
0.000000
0.000000
0.000000
0.000000
0.000000
0.000000
0.000000
0.000000
0.000000
0.000000
0.000000
0.000000
0.000000
0.000000
0.000000
0.000000
0.000000
0.000000
0.000000
0.000000
0.000000
0.000000
0.000000
0.000000
0.000000
0.000000
0.000000
0.000000
0.000000
0.000000
0.000000
0.000000
0.000000
0.000000
0.000000
0.000000
0.000000
0.000000
0.000000
0.000000
0.000000
0.000000
0.000000
0.000000
0.000000
0.000000
0.000000
0.000000
0.000000
0.000000
0.000000
0.000000
0.000000
0.000000
0.000000
0.000000
0.000000
0.000000
0.000000
0.000000
0.000000
0.000000
0.000000
0.000000
0.000000
0.000000
0.000000
0.000000
0.000000
0.000000
0.000000
0.000000
0.000000
0.000000
0.000000
0.000000
0.000000
0.000000
0.000000
0.000000
0.000000
0.000000
0.000000
0.000000
0.000000
0.000000
0.000000
0.000000
0.000000
0.000000
0.000000
0.000000
0.000000
0.000000
0.000000
0.000000
0.000000
0.000000
0.000000
0.000000
0.000000
0.000000
0.000000
0.000000
0.000000
0.000000
0.000000
0.000000
0.000000
0.000000
0.000000
0.000000
0.000000
0.000000
0.000000
0.000000
0.000000
0.000000
0.000000
0.000000
0.000000
0.000000
0.000000
0.000000
0.000000
0.000000
0.000000
0.000000
0.000000
0.000000
0.000000
0.000000
0.000000
0.000000
0.000000
0.000000
0.000000
0.000000
0.000000
0.000000
0.000000
0.000000
0.000000
0.000000
0.000000
0.000000
0.000000
0.000000
0.000000
0.000000
0.000000
0.000000
0.000000
0.000000
0.000000
0.000000
0.000000
0.000000
0.000000
0.000000
0.000000
0.000000
0.000000
0.000000
0.000000
0.000000
0.000000
0.000000
0.000000
0.000000
0.000000
0.000000
0.000000
0.000000
0.000000
0.000000
0.000000
0.000000
0.000000
0.000000
0.000000
0.000000
0.000000
0.000000
0.000000
0.000000
0.000000
0.000000
0.000000
0.000000
0.000000
0.000000
0.000000
0.000000
0.000000
0.000000
0.000000
0.000000
0.000000
0.000000
0.000000
0.000000
0.000000
0.000000
0.000000
0.000000
0.000000
0.000000
0.000000
0.000000
0.000000
0.000000
0.000000
0.000000
0.000000
0.000000
0.000000
0.000000
0.000000
0.000000
0.000000
0.000000
0.000000
0.000000
0.000000
0.000000
0.000000
0.000000
0.000000
0.000000
0.000000
0.000000
0.000000
0.000000
0.000000
0.000000
0.000000
0.000000
0.000000
0.000000
0.000000
0.000000
0.000000
0.000000
0.000000
0.000000
0.000000
0.000000
0.000000
0.000000
0.000000
0.000000
0.000000
0.000000
0.000000
0.000000
0.000000
0.000000
0.000000
0.000000
0.000000
0.000000
0.000000
0.000000
0.000000
0.000000
0.000000
0.000000
0.000000
0.000000
0.000000
0.000000
0.000000
0.000000
0.000000
0.000000
0.000000
0.000000
0.000000
